5.7511213632148815E-5 1.1325771649829291E-4 2.1578747214681817E-4 3.977661405379192E-4 7.09369567644141E-4 0.0012239409129194089 0.0020431088693564432 0.0032996336473539167 0.0051556460682933725 0.007793698936620432 0.011398489741903339 0.016128506652490635 0.022079242033734195 0.02924269000761537 0.03747085806032667 0.04645293017096103 0.05571546337517273 0.0646519364716206 0.07258225984835635 0.078835638934656 0.08284338869722535 0.08422408014600931 0.08284338869722535 0.078835638934656 0.07258225984835635 0.0646519364716206 0.05571546337517273 0.04645293017096103 0.03747085806032667 0.02924269000761537 0.022079242033734195 0.016128506652490635 0.011398489741903339 0.007793698936620432 0.0051556460682933725 0.0032996336473539167 0.0020431088693564432 0.0012239409129194089 7.09369567644141E-4 3.977661405379192E-4 2.1578747214681817E-4 1.1325771649829291E-4 5.7511213632148815E-5 2.8254031258452065E-5 1.342924100348843E-5 6.175408225992018E-6 2.7474072106168783E-6 1.182561002531494E-6 4.92455769741993E-7 1.9840566341022807E-7 7.733641872646004E-8 1.7098116586208928E-7 4.6863202803735493E-7 1.242678592002008E-6 3.188077163540679E-6 7.91301501470828E-6 1.900195620358527E-5 4.414665406503291E-5 9.922941514083555E-5 2.1578747214681817E-4 4.539992976248479E-4 9.241177075125354E-4 0.0018198791977848386 0.003467376385859652 0.006391496730900683 0.011398489741903339 0.019666868409565528 0.03282965121592855 0.05302009276534178 0.08284338869722535 0.12523288484954634 0.18315638888734193 0.25916056455759806 0.35477982889276144 0.4698855396129376 0.6020996821718928 0.7464279159783126 0.8952627328747844 1.0388582598959775 1.1662864916425162 1.2667687798863465 1.331167221320022 1.353352832366127 1.331167221320022 1.2667687798863465 1.1662864916425162 1.0388582598959775 0.8952627328747844 0.7464279159783126 0.6020996821718928 0.4698855396129376 0.35477982889276144 0.25916056455759806 0.18315638888734193 0.12523288484954634 0.08284338869722535 0.05302009276534178 0.03282965121592855 0.019666868409565528 0.011398489741903339 0.006391496730900683
9.922941514083555E-5 1.954140116081619E-4 3.7231808031048966E-4 6.86302705083958E-4 0.0012239409129194089 0.0021117784391189044 0.0035251646656603293 0.0056931630603413745 0.008895512922090702 0.013447189485709044 0.019666868409565528 0.02782800398646236 0.03809535802485094 0.05045511724305457 0.0646519364716206 0.08014953608744282 0.09613104116322324 0.11154996458317065 0.12523288484954634 0.13602241805878101 0.1429373593346554 0.14531959396856667 0.1429373593346554 0.13602241805878101 0.12523288484954634 0.11154996458317065 0.09613104116322324 0.08014953608744282 0.0646519364716206 0.05045511724305457 0.03809535802485094 0.02782800398646236 0.019666868409565528 0.013447189485709044 0.008895512922090702 0.0056931630603413745 0.0035251646656603293 0.0021117784391189044 0.0012239409129194089 6.86302705083958E-4 3.7231808031048966E-4 1.954140116081619E-4 9.922941514083555E-5 4.874929287842132E-5 2.3170711351787072E-5 1.0655002873709954E-5 4.740355722746075E-6 2.0403818531828834E-6 8.496794786280023E-7 3.4232763834114287E-7 1.3343567479548984E-7 2.4193300459090785E-7 6.630996695978599E-7 1.7583513598587887E-6 4.511029522778981E-6 1.1196668874193326E-5 2.6887174001060768E-5 6.246613541753237E-5 1.4040652037771483E-4 3.053325272776834E-4 6.423948135032289E-4 0.0013075976669529817 0.002575072172964978 0.004906229191086523 0.009043768067337896 0.016128506652490635 0.02782800398646236 0.04645293017096103 0.07502177378269904 0.11722080520949421 0.17720061711168703 0.25916056455759806 0.3667040971370382 0.5020023669829546 0.6648733492908294 0.8519522278177128 1.0561721667567776 1.2667687798863465 1.4699519616297285 1.6502589259711273 1.7924382226230624 1.8835600040687885 1.9149519501466306 1.8835600040687885 1.7924382226230624 1.6502589259711273 1.4699519616297285 1.2667687798863465 1.0561721667567776 0.8519522278177128 0.6648733492908294 0.5020023669829546 0.3667040971370382 0.25916056455759806 0.17720061711168703 0.11722080520949421 0.07502177378269904 0.04645293017096103 0.02782800398646236 0.016128506652490635 0.009043768067337896
1.6564239011482654E-4 3.2620210346661304E-4 6.215057966235449E-4 0.0011456363040236767 0.0020431088693564432 0.0035251646656603293 0.005884512167481393 0.009503524083961903 0.014849165639252628 0.02244722095336795 0.03282965121592855 0.04645293017096103 0.0635920925923056 0.08422408014600931 0.10792264841540984 0.13379259270324034 0.16047031416947444 0.18620892529252323 0.20904964861489975 0.22706047802938678 0.23860350081969417 0.24258013454282273 0.23860350081969417 0.22706047802938678 0.20904964861489975 0.18620892529252323 0.16047031416947444 0.13379259270324034 0.10792264841540984 0.08422408014600931 0.0635920925923056 0.04645293017096103 0.03282965121592855 0.02244722095336795 0.014849165639252628 0.009503524083961903 0.005884512167481393 0.0035251646656603293 0.0020431088693564432 0.0011456363040236767 6.215057966235449E-4 3.2620210346661304E-4 1.6564239011482654E-4 8.137656941068013E-5 3.867857130391658E-5 1.778625965069653E-5 7.91301501470828E-6 3.4059832603915663E-6 1.4183590568553294E-6 5.714431364602039E-7 2.2274246067398012E-7 3.3312535595961083E-7 9.090744592880732E-7 2.4071084875469556E-6 6.175408225992018E-6 1.5327765141028482E-5 3.680740164997673E-5 8.551349188814863E-5 1.9221057555599935E-4 4.179872889530466E-4 8.794112731052505E-4 0.0017900457862255127 0.0035251646656603293 0.006716419822181294 0.012380535182708563 0.022079242033734195 0.03809535802485094 0.0635920925923056 0.1027016286651976 0.16047031416947444 0.24258013454282273 0.35477982889276144 0.5020023669829546 0.6872199640635962 0.9101834358920482 1.1662864916425162 1.4458549326087309 1.7341527702795472 2.0123019345856896 2.2591345268298606 2.4537719579697965 2.578513814760024 2.621488058457631 2.578513814760024 2.4537719579697965 2.2591345268298606 2.0123019345856896 1.7341527702795472 1.4458549326087309 1.1662864916425162 0.9101834358920482 0.6872199640635962 0.5020023669829546 0.35477982889276144 0.24258013454282273 0.16047031416947444 0.1027016286651976 0.0635920925923056 0.03809535802485094 0.022079242033734195 0.012380535182708563
2.675134996712953E-4 5.268184444694332E-4 0.0010037357623583268 0.0018502098214557765 0.0032996336473539167 0.0056931630603413745 0.009503524083961903 0.01534825104339963 0.023981495706512746 0.036252402727149455 0.05302009276534178 0.07502177378269904 0.1027016286651976 0.13602241805878101 0.1742957545552638 0.2160758769499085 0.25916056455759806 0.300728583066823 0.3376164945896947 0.3667040971370382 0.3853461513918705 0.3917684398136178 0.3853461513918705 0.3667040971370382 0.3376164945896947 0.300728583066823 0.25916056455759806 0.2160758769499085 0.1742957545552638 0.13602241805878101 0.1027016286651976 0.07502177378269904 0.05302009276534178 0.036252402727149455 0.023981495706512746 0.01534825104339963 0.009503524083961903 0.0056931630603413745 0.0032996336473539167 0.0018502098214557765 0.0010037357623583268 5.268184444694332E-4 2.675134996712953E-4 1.314236703491431E-4 6.246613541753237E-5 2.872492096933524E-5 1.2779568913903554E-5 5.500684342803627E-6 2.290658778992619E-6 9.228842519818665E-7 3.597304720065082E-7 4.5636980993543253E-7 1.2337993416421446E-6 3.2365073930674953E-6 8.23783548722094E-6 2.034483012754182E-5 4.8752788767043295E-5 1.1325771649829291E-4 2.5457188560103824E-4 5.536001960258501E-4 0.0011647298040996163 0.0023708129991986803 0.004668878459967209 0.008895512922090702 0.016397308925875858 0.02924269000761537 0.05045511724305457 0.08422408014600931 0.13602241805878101 0.21253372944202237 0.3212834781920123 0.4698855396129376 0.6648733492908294 0.9101834358920482 1.2054857691759224 1.5446795810772347 1.9149519501466306 2.29678590459093 2.665178523108102 2.992094137681475 3.249880254342885 3.415093690724336 3.4720106122762973 3.415093690724336 3.249880254342885 2.992094137681475 2.665178523108102 2.29678590459093 1.9149519501466306 1.5446795810772347 1.2054857691759224 0.9101834358920482 0.6648733492908294 0.4698855396129376 0.3212834781920123 0.21253372944202237 0.13602241805878101 0.08422408014600931 0.05045511724305457 0.02924269000761537 0.016397308925875858
4.179872889530466E-4 8.2314878929404E-4 0.0015683275447739733 0.002890935179775456 0.0051556460682933725 0.008895512922090702 0.014849165639252628 0.023981495706512746 0.03747085806032667 0.05664403311449465 0.08284338869722535 0.11722080520949421 0.16047031416947444 0.21253372944202237 0.27233545227473793 0.3376164945896947 0.40493590759373077 0.4698855396129376 0.5275225491527574 0.5729716503975442 0.6020996821718928 0.612134446509316 0.6020996821718928 0.5729716503975442 0.5275225491527574 0.4698855396129376 0.40493590759373077 0.3376164945896947 0.27233545227473793 0.21253372944202237 0.16047031416947444 0.11722080520949421 0.08284338869722535 0.05664403311449465 0.03747085806032667 0.023981495706512746 0.014849165639252628 0.008895512922090702 0.0051556460682933725 0.002890935179775456 0.0015683275447739733 8.2314878929404E-4 4.179872889530466E-4 2.05348230055665E-4 9.760274014818194E-5 4.488241474211937E-5 1.9967954405570963E-5 8.594766763771138E-6 3.5791324704140035E-6 1.4419978318004593E-6 5.620754277169421E-7 6.233971882164519E-7 1.6696610945475109E-6 4.3390660208823175E-6 1.0941292558675171E-5 2.6769819654810873E-5 6.355163118165531E-5 1.4639033371018325E-4 3.271918983954308E-4 7.095730695716755E-4 0.0014924558977537023 0.0030379010055988816 0.005982585118837845 0.011398489741903339 0.02101110517441499 0.03747085806032667 0.0646519364716206 0.10792264841540984 0.1742957545552638 0.27233545227473793 0.41168468445706685 0.6020996821718928 0.8519522278177128 1.1662864916425162 1.5446795810772347 1.979314123158873 2.4537719579697965 2.9430445216727112 3.415093690724336 3.8339952551219048 4.1643159945896855 4.376016396389106 4.4489483287164315 4.376016396389106 4.1643159945896855 3.8339952551219048 3.415093690724336 2.9430445216727112 2.4537719579697965 1.979314123158873 1.5446795810772347 1.1662864916425162 0.8519522278177128 0.6020996821718928 0.41168468445706685 0.27233545227473793 0.1742957545552638 0.10792264841540984 0.0646519364716206 0.03747085806032667 0.02101110517441499
6.318639887769836E-4 0.0012443394598506627 0.0023708129991986803 0.004370175558601305 0.007793698936620432 0.013447189485709044 0.02244722095336795 0.036252402727149455 0.05664403311449465 0.0856277825906822 0.12523288484954634 0.17720061711168703 0.24258013454282273 0.3212834781920123 0.41168468445706685 0.5103688810314776 0.612134446509316 0.7103176560036684 0.7974465034866327 0.866151105654776 0.9101834358920482 0.9253528115842201 0.9101834358920482 0.866151105654776 0.7974465034866327 0.7103176560036684 0.612134446509316 0.5103688810314776 0.41168468445706685 0.3212834781920123 0.24258013454282273 0.17720061711168703 0.12523288484954634 0.0856277825906822 0.05664403311449465 0.036252402727149455 0.02244722095336795 0.013447189485709044 0.007793698936620432 0.004370175558601305 0.0023708129991986803 0.0012443394598506627 6.318639887769836E-4 3.104212859110208E-4 1.4754433528365378E-4 6.784795220910204E-5 3.018520335875173E-5 1.2992556839627561E-5 5.410511225787656E-6 2.17984260739457E-6 8.496794786280023E-7 8.490856219722873E-7 2.252946281316944E-6 5.800355720581088E-6 1.4489815728229574E-5 3.5121700764071165E-5 8.260239820038828E-5 1.8850124217547476E-4 4.173882495702189E-4 8.967485077303134E-4 0.0018694142497341153 0.00378133258355793 0.0074214479731614475 0.014130801253138831 0.02604763947253228 0.04645293017096103 0.08014953608744282 0.13379259270324034 0.2160758769499085 0.3376164945896947 0.5103688810314776 0.7464279159783126 1.0561721667567776 1.4458549326087309 1.9149519501466306 2.4537719579697965 3.0419612285238298 3.6485164400342542 4.2337196678843325 4.7530353741896985 5.16253670505896 5.424983430087793 5.515397744971643 5.424983430087793 5.16253670505896 4.7530353741896985 4.2337196678843325 3.6485164400342542 3.0419612285238298 2.4537719579697965 1.9149519501466306 1.4458549326087309 1.0561721667567776 0.7464279159783126 0.5103688810314776 0.3376164945896947 0.2160758769499085 0.13379259270324034 0.08014953608744282 0.04645293017096103 0.02604763947253228
9.241177075125354E-4 0.0018198791977848386 0.003467376385859652 0.006391496730900683 0.011398489741903339 0.019666868409565528 0.03282965121592855 0.05302009276534178 0.08284338869722535 0.12523288484954634 0.18315638888734193 0.25916056455759806 0.35477982889276144 0.4698855396129376 0.6020996821718928 0.7464279159783126 0.8952627328747844 1.0388582598959775 1.1662864916425162 1.2667687798863465 1.331167221320022 1.353352832366127 1.331167221320022 1.2667687798863465 1.1662864916425162 1.0388582598959775 0.8952627328747844 0.7464279159783126 0.6020996821718928 0.4698855396129376 0.35477982889276144 0.25916056455759806 0.18315638888734193 0.12523288484954634 0.08284338869722535 0.05302009276534178 0.03282965121592855 0.019666868409565528 0.011398489741903339 0.006391496730900683 0.003467376385859652 0.0018198791977848386 9.241177075125354E-4 4.539992976248479E-4 2.1578747214681817E-4 9.922941514083555E-5 4.414665406503291E-5 1.900195620358527E-5 7.91301501470828E-6 3.188077163540679E-6 1.242678592002008E-6 1.1531262273446778E-6 3.0311823345714033E-6 7.731285558930678E-6 1.913356119375294E-5 4.59456443976095E-5 1.0705262632081591E-4 2.4202194547811212E-4 5.309047501007108E-4 0.001130011638531451 0.002333746415988786 0.004676585228081808 0.009093027093002175 0.01715507253544964 0.03140371839904676 0.055779424868017576 0.09613104116322324 0.16047031416947444 0.25916056455759806 0.40493590759373077 0.612134446509316 0.8952627328747844 1.2667687798863465 1.7341527702795472 2.29678590459093 2.9430445216727112 3.6485164400342542 4.376016396389106 5.077906866771017 5.700772100639426 6.191926400662322 6.506703979653857 6.615146556493746 6.506703979653857 6.191926400662322 5.700772100639426 5.077906866771017 4.376016396389106 3.6485164400342542 2.9430445216727112 2.29678590459093 1.7341527702795472 1.2667687798863465 0.8952627328747844 0.612134446509316 0.40493590759373077 0.25916056455759806 0.16047031416947444 0.09613104116322324 0.05571546337517273 0.03124143725057824
0.0013075976669529817 0.002575072172964978 0.004906229191086523 0.009043768067337896 0.016128506652490635 0.02782800398646236 0.04645293017096103 0.07502177378269904 0.11722080520949421 0.17720061711168703 0.25916056455759806 0.3667040971370382 0.5020023669829546 0.6648733492908294 0.8519522278177128 1.0561721667567776 1.2667687798863465 1.4699519616297285 1.6502589259711273 1.7924382226230624 1.8835600040687885 1.9149519501466306 1.8835600040687885 1.7924382226230624 1.6502589259711273 1.4699519616297285 1.2667687798863465 1.0561721667567776 0.8519522278177128 0.6648733492908294 0.5020023669829546 0.3667040971370382 0.25916056455759806 0.17720061711168703 0.11722080520949421 0.07502177378269904 0.04645293017096103 0.02782800398646236 0.016128506652490635 0.009043768067337896 0.004906229191086523 0.002575072172964978 0.0013075976669529817 6.423948135032289E-4 3.053325272776834E-4 1.4040652037771483E-4 6.246613541753237E-5 2.6887174001060768E-5 1.1196668874193326E-5 4.511029522778981E-6 1.7583513598587887E-6 1.5614961901925447E-6 4.066417834634888E-6 1.0275134512590882E-5 2.519227987854137E-5 5.993104785831325E-5 1.3833775127002876E-4 3.098375104821905E-4 6.733358209239864E-4 0.0014198219500660943 0.0029049622611627586 0.00576702116954761 0.011108797201504268 0.020762850334497266 0.03765402012606439 0.06625828176581147 0.11312886513021747 0.1874179285685399 0.30126819029162194 0.4698939634445568 0.7103176560036684 1.0388582598959775 1.4699519616297285 2.0123019345856896 2.665178523108102 3.415093690724336 4.2337196678843325 5.077906866771017 5.892376950158821 6.615146556493746 7.185079474201354 7.550345754095918 7.676181961208854 7.550345754095918 7.185079474201354 6.615146556493746 5.892376950158821 5.077906866771017 4.2337196678843325 3.415093690724336 2.665178523108102 2.0123019345856896 1.4699519616297285 1.0388582598959775 0.7103176560036684 0.4698855396129376 0.300728583066823 0.18620892529252323 0.11154996458317065 0.0646519364716206 0.036252402727149455
0.0017900457862255127 0.0035251646656603293 0.006716419822181294 0.012380535182708563 0.022079242033734195 0.03809535802485094 0.0635920925923056 0.1027016286651976 0.16047031416947444 0.24258013454282273 0.35477982889276144 0.5020023669829546 0.6872199640635962 0.9101834358920482 1.1662864916425162 1.4458549326087309 1.7341527702795472 2.0123019345856896 2.2591345268298606 2.4537719579697965 2.578513814760024 2.621488058457631 2.578513814760024 2.4537719579697965 2.2591345268298606 2.0123019345856896 1.7341527702795472 1.4458549326087309 1.1662864916425162 0.9101834358920482 0.6872199640635962 0.5020023669829546 0.35477982889276144 0.24258013454282273 0.16047031416947444 0.1027016286651976 0.0635920925923056 0.03809535802485094 0.022079242033734195 0.012380535182708563 0.006716419822181294 0.0035251646656603293 0.0017900457862255127 8.794112731052505E-4 4.179872889530466E-4 1.9221057555599935E-4 8.551349188814863E-5 3.680740164997673E-5 1.5327765141028482E-5 6.175408225992018E-6 2.4071084875469556E-6 2.108354928147466E-6 5.439395745226725E-6 1.3616391602337983E-5 3.3073324421437156E-5 7.794676775913366E-5 1.782472395657283E-4 3.9550498052556317E-4 8.515017461847186E-4 0.0017787854607539538 0.0036055044933129207 0.007091089278840972 0.01353207223807046 0.025056482518034388 0.04501739311019964 0.07847747520551937 0.13274376909939875 0.2178651217481396 0.3469490603433587 0.5361029093717863 0.8037760374008524 1.1693011779841613 1.650525208909308 2.2591345268298606 2.992094137681475 3.8339952551219048 4.7530353741896985 5.700772100639426 6.615146556493746 7.426572389044386 8.066414308510229 8.47648481046321 8.617756314171563 8.47648481046321 8.066414308510229 7.426572389044386 6.615146556493746 5.700772100639426 4.7530353741896985 3.8339952551219048 2.992094137681475 2.2591345268298606 1.6502589259711273 1.1662864916425162 0.7974465034866327 0.5275225491527574 0.3376164945896947 0.20904964861489975 0.12523288484954634 0.07258225984835635 0.040699187966693695
0.0023708129991986803 0.004668878459967209 0.008895512922090702 0.016397308925875858 0.02924269000761537 0.05045511724305457 0.08422408014600931 0.13602241805878101 0.21253372944202237 0.3212834781920123 0.4698855396129376 0.6648733492908294 0.9101834358920482 1.2054857691759224 1.5446795810772347 1.9149519501466306 2.29678590459093 2.665178523108102 2.992094137681475 3.249880254342885 3.415093690724336 3.4720106122762973 3.415093690724336 3.249880254342885 2.992094137681475 2.665178523108102 2.29678590459093 1.9149519501466306 1.5446795810772347 1.2054857691759224 0.9101834358920482 0.6648733492908294 0.4698855396129376 0.3212834781920123 0.21253372944202237 0.13602241805878101 0.08422408014600931 0.05045511724305457 0.02924269000761537 0.016397308925875858 0.008895512922090702 0.004668878459967209 0.0023708129991986803 0.0011647298040996163 5.536001960258501E-4 2.5457188560103824E-4 1.1325771649829291E-4 4.874929287842132E-5 2.0300746005854725E-5 8.178974085580079E-6 3.188077163540679E-6 2.838476045318503E-6 7.2548431694842654E-6 1.7991826968929578E-5 4.32939234546525E-5 1.0108415062390604E-4 2.290042959747348E-4 5.033946954525852E-4 0.001073687957807647 0.0022220405065438327 0.004462007573323783 0.008693868692696153 0.016436157418507534 0.03015032165162938 0.05366461886574626 0.09268054755616427 0.15530790973097672 0.2525241979237874 0.39839774184132565 0.6098670613616691 0.9058534230823174 1.3055247925281446 1.8256467973899202 2.477153035504776 3.2613195782538766 4.166182781362176 5.16253670505896 6.191926400662322 7.185079474201354 8.066414308510229 8.76138228889075 9.206782722788244 9.360225578954148 9.206782722788244 8.76138228889075 8.066414308510229 7.185079474201354 6.191926400662322 5.16253670505896 4.1643159945896855 3.249880254342885 2.4537719579697965 1.7924382226230624 1.2667687798863465 0.866151105654776 0.5729716503975442 0.3667040971370382 0.22706047802938678 0.13602241805878101 0.078835638934656 0.04420565705972049
0.0030379010055988816 0.005982585118837845 0.011398489741903339 0.02101110517441499 0.03747085806032667 0.0646519364716206 0.10792264841540984 0.1742957545552638 0.27233545227473793 0.41168468445706685 0.6020996821718928 0.8519522278177128 1.1662864916425162 1.5446795810772347 1.979314123158873 2.4537719579697965 2.9430445216727112 3.415093690724336 3.8339952551219048 4.1643159945896855 4.376016396389106 4.4489483287164315 4.376016396389106 4.1643159945896855 3.8339952551219048 3.415093690724336 2.9430445216727112 2.4537719579697965 1.979314123158873 1.5446795810772347 1.1662864916425162 0.8519522278177128 0.6020996821718928 0.41168468445706685 0.27233545227473793 0.1742957545552638 0.10792264841540984 0.0646519364716206 0.03747085806032667 0.02101110517441499 0.011398489741903339 0.005982585118837845 0.0030379010055988816 0.0014924558977537023 7.09369567644141E-4 3.2620210346661304E-4 1.4512563030415717E-4 6.246613541753237E-5 2.601287268394352E-5 1.0480334639530414E-5 4.085123046111411E-6 3.8103551712259427E-6 9.648151525884936E-6 2.3704304317681747E-5 5.6508626902555145E-5 1.3070937472459482E-4 2.9336152983517504E-4 6.388575452229991E-4 0.0013499240573509148 0.0027677004720795145 0.005505962898358616 0.010628009046607372 0.01990558714472511 0.03617449784272199 0.06378733707891898 0.10913671440517546 0.18118061107591643 0.2918481919629395 0.4561490095877425 0.6917686991841729 1.0179337658013705 1.4533913655582316 2.0134927631935655 2.7065871295833617 3.530192546472404 4.467650764384413 5.486109636357969 6.536634321026495 7.5569811583653745 8.47648481046321 9.206782722788244 9.674825879029632 9.836069275391278 9.674825879029632 9.206782722788244 8.47648481046321 7.550345754095918 6.506703979653857 5.424983430087793 4.376016396389106 3.415093690724336 2.578513814760024 1.8835600040687885 1.331167221320022 0.9101834358920482 0.6020996821718928 0.3853461513918705 0.23860350081969417 0.1429373593346554 0.08284338869722535 0.04645293017096103
0.0037661108014174676 0.0074166598565686 0.014130801253138831 0.02604763947253228 0.04645293017096103 0.08014953608744282 0.13379259270324034 0.2160758769499085 0.3376164945896947 0.5103688810314776 0.7464279159783126 1.0561721667567776 1.4458549326087309 1.9149519501466306 2.4537719579697965 3.0419612285238298 3.6485164400342542 4.2337196678843325 4.7530353741896985 5.16253670505896 5.424983430087793 5.515397744971643 5.424983430087793 5.16253670505896 4.7530353741896985 4.2337196678843325 3.6485164400342542 3.0419612285238298 2.4537719579697965 1.9149519501466306 1.4458549326087309 1.0561721667567776 0.7464279159783126 0.5103688810314776 0.3376164945896947 0.2160758769499085 0.13379259270324034 0.08014953608744282 0.04645293017096103 0.02604763947253228 0.014130801253138831 0.0074166598565686 0.0037661108014174676 0.0018502098214557765 8.794112731052505E-4 4.0439542402683686E-4 1.7991343458647642E-4 7.743978058705635E-5 3.2248371691619446E-5 1.2992556839627561E-5 5.064360557083628E-6 5.100167039773128E-6 1.2793781168451378E-5 3.113994763063812E-5 7.354298948124284E-5 1.6852685788520692E-4 3.7471528569448567E-4 8.084220257803808E-4 0.0016923076106058622 0.003437359214515893 0.006774464537535611 0.012954762928917018 0.02403745078277659 0.043276465961943074 0.07559961964521977 0.12814211116425178 0.21075048422015294 0.33631770402194094 0.5207572440109729 0.7823937137383902 1.1405644391149643 1.613313408931073 2.2142267950939036 2.948695334416275 3.810150629355266 4.7770394738753135 5.8113891299583145 6.859706360348196 7.856616167089233 8.731120643366777 9.414751991445202 9.850362679131946 10.0 9.836069275391278 9.360225578954148 8.617756314171563 7.676181961208854 6.615146556493746 5.515397744971643 4.4489483287164315 3.4720106122762973 2.621488058457631 1.9149519501466306 1.353352832366127 0.9253528115842201 0.612134446509316 0.3917684398136178 0.24258013454282273 0.14531959396856667 0.08422408014600931 0.04722712790075704
0.004517058615053477 0.008895512922090702 0.016948427941651474 0.03124143725057824 0.05571546337517273 0.09613104116322324 0.16047031416947444 0.25916056455759806 0.40493590759373077 0.612134446509316 0.8952627328747844 1.2667687798863465 1.7341527702795472 2.29678590459093 2.9430445216727112 3.6485164400342542 4.376016396389106 5.077906866771017 5.700772100639426 6.191926400662322 6.506703979653857 6.615146556493746 6.506703979653857 6.191926400662322 5.700772100639426 5.077906866771017 4.376016396389106 3.6485164400342542 2.9430445216727112 2.29678590459093 1.7341527702795472 1.2667687798863465 0.8952627328747844 0.612134446509316 0.40493590759373077 0.25916056455759806 0.16047031416947444 0.09613104116322324 0.05571546337517273 0.03124143725057824 0.016948427941651474 0.008895512922090702 0.004517058615053477 0.002219134447801645 0.0010547624530484136 4.850302952587342E-4 2.1578747214681817E-4 9.288097097859093E-5 3.867857130391658E-5 1.5583222028922486E-5 6.074174311467858E-6 6.8067853747977656E-6 1.6915795887884738E-5 4.078939439020448E-5 9.543474567178791E-5 2.166557530333929E-4 4.7724168780199954E-4 0.0010200253432580432 0.002115378049823124 0.004256664945842298 0.00831104018894415 0.015745111477789946 0.02894279971932697 0.051622588905397906 0.08933948908071565 0.1500208390513173 0.24443543127646328 0.38643919385273795 0.5927923892775391 0.8823248540934725 1.2742623423513435 1.7856388516304798 2.4279114685833663 3.203144334393679 4.100384776955062 5.093040837772932 6.138102643439223 7.177869805209289 8.144444137252563 8.966681898041632 9.57869884506536 9.928547490742927 9.985489464493577 9.74445243682436 9.226775728453227 8.477092672547998 7.550345754095918 6.506703979653857 5.424983430087793 4.376016396389106 3.415093690724336 2.578513814760024 1.8835600040687885 1.331167221320022 0.9101834358920482 0.6020996821718928 0.3853461513918705 0.23860350081969417 0.1429373593346554 0.08284338869722535 0.04645293017096103
0.005241571530196729 0.010322307335915723 0.019666868409565528 0.036252402727149455 0.0646519364716206 0.11154996458317065 0.18620892529252323 0.300728583066823 0.4698855396129376 0.7103176560036684 1.0388582598959775 1.4699519616297285 2.0123019345856896 2.665178523108102 3.415093690724336 4.2337196678843325 5.077906866771017 5.892376950158821 6.615146556493746 7.185079474201354 7.550345754095918 7.676181961208854 7.550345754095918 7.185079474201354 6.615146556493746 5.892376950158821 5.077906866771017 4.2337196678843325 3.415093690724336 2.665178523108102 2.0123019345856896 1.4699519616297285 1.0388582598959775 0.7103176560036684 0.4698855396129376 0.300728583066823 0.18620892529252323 0.11154996458317065 0.0646519364716206 0.036252402727149455 0.019666868409565528 0.010322307335915723 0.005241571530196729 0.002575072172964978 0.0012239409129194089 5.62826654150248E-4 2.5039867023387966E-4 1.077785998959519E-4 4.488241474211937E-5 1.8082690506456356E-5 7.048605369992461E-6 9.058127500140912E-6 2.230101705550339E-5 5.3274005634563744E-5 1.2348393964469473E-4 2.7772184601813324E-4 6.060578096793453E-4 0.0012832831816368356 0.0026365462569251067 0.005255968211625423 0.010166571203637108 0.019080982158344292 0.034748125890962385 0.06139973392531882 0.10527034204304099 0.17512575514612144 0.2826821917836704 0.4427426100606138 0.6728350917888309 0.9921341283658356 1.419503887726736 1.97063968985315 2.6544974147667597 3.4694595620590665 4.399930284520531 5.4141988543670685 6.464382591031508 7.489008843667931 8.418332534243259 9.181893527379763 9.71723867376472 9.978331536114693 9.942084069192052 9.611725842629749 9.016329209392936 8.206587195867861 7.247694151323155 6.210714560781042 5.164017718931525 4.1643159945896855 3.249880254342885 2.4537719579697965 1.7924382226230624 1.2667687798863465 0.866151105654776 0.5729716503975442 0.3667040971370382 0.22706047802938678 0.13602241805878101 0.078835638934656 0.04420565705972049
0.005884512167481393 0.011588460209833059 0.022079242033734195 0.040699187966693695 0.07258225984835635 0.12523288484954634 0.20904964861489975 0.3376164945896947 0.5275225491527574 0.7974465034866327 1.1662864916425162 1.6502589259711273 2.2591345268298606 2.992094137681475 3.8339952551219048 4.7530353741896985 5.700772100639426 6.615146556493746 7.426572389044386 8.066414308510229 8.47648481046321 8.617756314171563 8.47648481046321 8.066414308510229 7.426572389044386 6.615146556493746 5.700772100639426 4.7530353741896985 3.8339952551219048 2.992094137681475 2.2591345268298606 1.6502589259711273 1.1662864916425162 0.7974465034866327 0.5275225491527574 0.3376164945896947 0.20904964861489975 0.12523288484954634 0.07258225984835635 0.040699187966693695 0.022079242033734195 0.011588460209833059 0.005884512167481393 0.002891122957221312 0.0013749859248553794 6.330618691082106E-4 2.821696320082709E-4 1.217560641647171E-4 5.08612632737296E-5 2.056837102388282E-5 8.052465366907746E-6 1.2019143416937442E-5 2.9315386144363094E-5 6.937806180287762E-5 1.5931370904671458E-4 3.5496748750456426E-4 7.674117535571977E-4 0.0016098030965413374 0.0032765855558859087 0.006471049298936127 0.012400304407495254 0.023056555479096245 0.041596898337771464 0.07281685422478139 0.12368223346907095 0.20383894713669715 0.32596536545290244 0.5057782973756146 0.7614709934401946 1.1123743882096873 1.5767144195110705 2.168500566285541 2.8938131275003283 3.7470187563202777 4.707666550306661 5.7389172456242 6.788263203872686 7.790975269329994 8.676197321889592 9.375003907173763 9.829194665197477 9.999282935661709 9.870160619895522 9.453312726878956 8.785131611967342 7.921673913502653 6.930907332951465 5.883932277450138 4.846739528302458 3.8737905724111323 3.0041875166363434 2.2605930000135492 1.6502589259711273 1.1662864916425162 0.7974465034866327 0.5275225491527574 0.3376164945896947 0.20904964861489975 0.12523288484954634 0.07258225984835635 0.040699187966693695
0.006391496730900683 0.012586872698917709 0.023981495706512746 0.04420565705972049 0.078835638934656 0.13602241805878101 0.22706047802938678 0.3667040971370382 0.5729716503975442 0.866151105654776 1.2667687798863465 1.7924382226230624 2.4537719579697965 3.249880254342885 4.1643159945896855 5.16253670505896 6.191926400662322 7.185079474201354 8.066414308510229 8.76138228889075 9.206782722788244 9.360225578954148 9.206782722788244 8.76138228889075 8.066414308510229 7.185079474201354 6.191926400662322 5.16253670505896 4.1643159945896855 3.249880254342885 2.4537719579697965 1.7924382226230624 1.2667687798863465 0.866151105654776 0.5729716503975442 0.3667040971370382 0.227089385908689 0.13613696652110857 0.07900808134964926 0.04438979859862338 0.02414410141782761 0.012713207392177435 0.006480603182586555 0.003198099273062997 0.0015278638821681388 7.066324892311751E-4 3.163870878616588E-4 1.3713872700609568E-4 5.754633762988653E-5 2.337714539727633E-5 9.193512682384639E-6 1.590183785853253E-5 3.842423979699602E-5 9.008815425250338E-5 2.049436828460996E-4 4.5238253033434196E-4 9.689058022040265E-4 0.0020135468080449683 0.004060189887779323 0.007943929889650824 0.015080957010647504 0.02777965471399759 0.04965114027745837 0.08610652293836585 0.14489297176301452 0.23657183007471666 0.37478584599094894 0.5761131321342181 0.8592841687310582 1.2435701481258379 1.7462571931220365 2.3793074798052727 3.145555655732619 4.035047203862666 5.022319156230621 6.065469700731914 7.107698702327085 8.081612515030574 8.916029152667603 9.544416392704454 9.91360745112241 9.991219504018334 9.770341070451929 9.270547660288752 8.535038791797069 7.624476842872255 6.6087457199440305 5.558178329251929 4.535762991147372 3.5914735445115338 2.759303248762622 2.05698268000355 1.487874427775828 1.0442545260843652 0.7111331024689753 0.4698855396129376 0.300728583066823 0.18620892529252323 0.11154996458317065 0.0646519364716206 0.036252402727149455
0.006716419822181294 0.013226748734074733 0.02520063764564893 0.04645293017096103 0.08284338869722535 0.1429373593346554 0.23860350081969417 0.3853461513918705 0.6020996821718928 0.9101834358920482 1.331167221320022 1.8835600040687885 2.578513814760024 3.415093690724336 4.376016396389106 5.424983430087793 6.506703979653857 7.550345754095918 8.47648481046321 9.206782722788244 9.674825879029632 9.836069275391278 9.674825879029632 9.206782722788244 8.47648481046321 7.550345754095918 6.506703979653857 5.424983430087793 4.376016396389106 3.4158124513867723 2.581194872082543 1.8882686505182549 1.3372819574630492 0.916850234369483 0.6085412587040242 0.3910190079172176 0.24323267915463553 0.146474556065329 0.08539229195225567 0.04819382131365222 0.026331783087339203 0.013927891905223807 0.007131924207432237 0.0035354464517141993 0.001696672501948883 7.88257282409203E-4 3.5453096690362144E-4 1.5436774905355034E-4 6.50691570641068E-5 2.6552780351339214E-5 1.0489650976210088E-5 2.0977795142704398E-5 5.0217335362908136E-5 1.1664118706603809E-4 2.6287824052387645E-4 5.748596019432342E-4 0.0012197571776039783 0.0025112469192290644 0.0050166048489863595 0.009723773011662223 0.01828791409361944 0.03337320957624722 0.059093024760258475 0.10152638140218856 0.16924897072340603 0.27376480016716614 0.4296686032748393 0.6543258455987471 0.9668497118259907 1.3862077136940951 1.9284220662022027 2.6030368451959656 3.4092824326345257 4.332614889542531 5.342464403364508 6.392012689471814 7.420583593728864 8.358780814273395 9.135919299398317 9.688711276449148 9.969748794708163 9.954211387844714 9.64348356765225 9.064951240731142 8.268018545468387 7.317148243405577 6.28328425462973 5.235232857065295 4.2324295822266915 3.3200752033823875 2.5270308451170425 1.8662834591674513 1.3373624126351191 0.9298760475408965 0.6273435700286728 0.4106674515561851 0.26084322273884397 0.16075825135192848 0.09613276454399543 0.05571546337517273 0.03124143725057824
0.006828357582825298 0.013447189485709044 0.025620638631224376 0.04722712790075704 0.08422408014600931 0.14531959396856667 0.24258013454282273 0.3917684398136178 0.612134446509316 0.9253528115842201 1.353352832366127 1.9149519501466306 2.621488058457631 3.4720106122762973 4.4489483287164315 5.515397744971643 6.615146556493746 7.676181961208854 8.617756314171563 9.360225578954148 9.836069275391278 10.0 9.839161892650944 9.372003149693116 8.642173048003091 7.714889383770669 6.667340910074818 5.578171120743932 4.518010303739424 3.542573047214548 2.6890979651845335 1.9761078665098024 1.4058237722138314 0.9682050236308853 0.6455352963394152 0.4166667720560684 0.26035981589272517 0.15749807728180812 0.09223436663593114 0.052290945704729884 0.028699639114270727 0.015249042963645184 0.007843771856357044 0.003905921687042697 0.001882947983029222 8.78758070841247E-4 3.9702380185549355E-4 1.7365207365483684E-4 7.352916204663748E-5 3.0140848395864676E-5 1.1961001403461937E-5 2.7593772203867214E-5 6.543961874336832E-5 1.5058263351944184E-4 3.362121918870021E-4 7.28377412944384E-4 0.001531101294556849 0.0031228837627773572 0.0061803370101755515 0.011867874293615549 0.02211251597083543 0.03997678124125063 0.07012646219797251 0.119360458374397 0.19712579967323246 0.31588637958429616 0.49115975565505293 0.7410015065447224 1.0847254988196253 1.5407247167600637 2.1234140769444063 2.8395451373785123 3.684404492079738 4.638635759701458 5.666536392197124 6.716600770141103 7.7247748405465755 8.620383090023584 9.33408486322467 9.806665587111553 9.997132051140849 9.888580049758612 9.490670167893581 8.8382090447548 7.9861249428851995 7.001843080389256 5.956526641313871 4.916751349742377 3.937928666291834 3.0602850876485252 2.3075991444490977 1.6883531581900912 1.198590032753039 0.8256243085125252 0.5518216336952967 0.3578651570296808 0.22518764107203879 0.13749095516113422 0.08145319958414597 0.04682163878733401 0.02611496895247792
0.006716419822181294 0.013226748734074733 0.02520063764564893 0.04645293017096103 0.08284338869722535 0.1429373593346554 0.23860350081969417 0.3853461513918705 0.6020996821718928 0.9101834358920482 1.331167221320022 1.8835600040687885 2.578513814760024 3.415093690724336 4.376061873424866 5.427365921963663 6.516448478129781 7.57441404062836 8.523212760591507 9.284827316444773 9.791755151898606 9.996856828565878 9.880583949399202 9.454051538207661 8.75728596252658 7.853030974426549 6.817439652712018 5.729563105459868 4.661631340260591 3.671728458068961 2.7997509403839533 2.0667333890601967 1.4769497691678453 1.0217936695839525 0.684347843603724 0.44371775955222287 0.27851778504791347 0.1692447738742181 0.09956204630196065 0.056700720063001975 0.03126076108024966 0.016685020062570347 0.008621247878259939 0.004312506314308695 0.0020883609738892844 9.790336217456392E-4 4.443302256118062E-4 1.9522270263585916E-4 8.303687513801087E-5 3.419226626760019E-5 1.4946514232367524E-5 3.6191036804922994E-5 8.502890221216109E-5 1.9383694710015616E-4 4.2875677166772275E-4 9.202161805739238E-4 0.0019163427172927054 0.0038722281499302324 0.007591946467123082 0.01444274616306992 0.026659430132807804 0.04774813215042508 0.08297864803280354 0.13992031174532185 0.228928369765386 0.3634317866943679 0.5598228808038351 0.8367251487329836 1.2134431715074014 1.7074991800234702 2.3313421064309177 3.0885593653767196 3.9701813158637917 4.951869273856227 5.992836690449849 7.0372042603622456 8.018115592803266 8.864391139918848 9.508892793998884 9.897270344007115 9.995519191378634 9.794893618977998 9.313191471510443 8.592148651026006 7.691472194876563 6.680694442919949 5.630386201273481 4.604253252688554 3.6532943403129323 2.8126427057227206 2.1011105873290408 1.522957197570097 1.07110223711153 0.7309347289938435 0.48398367149143207 0.3109476396762182 0.19384216928713138 0.1172502291572893 0.06881507397430829 0.03918843354026433 0.021653927030058518
0.006391496730900683 0.012586872698917709 0.023981495706512746 0.04420565705972049 0.078835638934656 0.13602241805878101 0.22706047802938678 0.36671934102444004 0.573306688003052 0.8676736598182938 1.2712823929877888 1.8031998540450436 2.4760642394090846 3.2915174753302434 4.2359091349085976 5.277318655730253 6.364967855407572 7.431822418557788 8.400606572024001 9.192680809103665 9.738452012430754 9.987433240737488 9.915943947047563 9.530824000996757 8.868354588691137 7.988621816298821 6.9665360294231915 5.881364908534672 4.806794741309239 3.8032006771663642 2.9131249913352217 2.1601564649048624 1.5506990197436283 1.07767058373234 0.7250379807788926 0.4722279621144871 0.2977548569413841 0.18175326541731868 0.10740433315224132 0.06144373349098467 0.034029032645031335 0.018244746061932077 0.00946983158908364 0.004758421412125351 0.002314726904383523 0.0010900660929671299 4.969607794720705E-4 2.1933483510295747E-4 9.371504599796296E-5 3.8763880477635396E-5 1.9730256194997145E-5 4.732925745064467E-5 1.1016181920762432E-4 2.487923083656864E-4 5.451891975342368E-4 0.001159209619905203 0.0023915592953749625 0.004787455736489092 0.009298926868815534 0.017525294909973132 0.03204809944373713 0.05686481967256091 0.09790153361576638 0.1635459394423488 0.26509069190077617 0.41692086827150615 0.6362345224370901 0.9420745453942004 1.353498411572738 1.886838257768408 2.5522078407663558 3.349668627044768 4.2657175413813135 5.270924385334254 6.3195465799168415 7.351729082669803 8.298460132267877 9.088871665452704 9.658882271469334 9.95974492641388 9.964924247267057 9.673958702725479 9.11252847991422 8.328715173068161 7.3862085173856995 6.355790295909054 5.306668971448612 4.299113164225275 3.3794046620498848 2.577543258501983 1.90755104647363 1.369779986381656 0.9543988480687176 0.6452283460589313 0.4232543327107702 0.26939766589918374 0.16637600303643865 0.0996992719487981 0.057969256347237715 0.03270453008457577 0.01790286511684585
