2.621488058457631 2.578513814760024 2.4537719579697965 2.2591345268298606 2.0123019345856896 1.7341527702795472 1.4458549326087309 1.1662864916425162 0.9101834358920482 0.6872199640635962 0.5061683379195544 0.36670409713703844 0.26131126234483854 0.18315638888734193 0.13602241805878101 0.21253372944202237 0.3212834781920123 0.4698855396129376 0.6648733492908294 0.9101834358920482 1.2054857691759224 1.5446795810772347 1.9149519501466306 2.29678590459093 2.665178523108102 2.992094137681475 3.249880254342885 3.415093690724336 3.4720106122762973 3.415093690724336 3.249880254342885 2.992094137681475 2.665178523108102 2.29678590459093 1.9149519501466306 1.5446795810772347 1.2054857691759224 0.9101834358920482 0.6648733492908294 0.4698855396129376 0.3212834781920123
3.4720106122762973 3.415093690724336 3.249880254342885 2.992094137681475 2.665178523108102 2.29678590459093 1.9149519501466306 1.5446795810772347 1.2054857691759224 0.917736782231209 0.6872199640635962 0.5061683379195544 0.36670409713703844 0.26131126234483854 0.2160758769499085 0.27233545227473793 0.41168468445706685 0.6020996821718928 0.8519522278177128 1.1662864916425162 1.5446795810772347 1.979314123158873 2.4537719579697965 2.9430445216727112 3.415093690724336 3.8339952551219048 4.1643159945896855 4.376016396389106 4.4489483287164315 4.376016396389106 4.1643159945896855 3.8339952551219048 3.415093690724336 2.9430445216727112 2.4537719579697965 1.979314123158873 1.5446795810772347 1.1662864916425162 0.8519522278177128 0.6020996821718928 0.41168468445706685
4.4489483287164315 4.376016396389106 4.1643159945896855 3.8339952551219048 3.415093690724336 2.9430445216727112 2.4537719579697965 1.979314123158873 1.5574984254978332 1.2054857691759235 0.917736782231209 0.6872199640635962 0.5061683379195544 0.36670409713703844 0.3376164945896947 0.40493590759373077 0.5103688810314776 0.7464279159783126 1.0561721667567776 1.4458549326087309 1.9149519501466306 2.4537719579697965 3.0419612285238298 3.6485164400342542 4.2337196678843325 4.7530353741896985 5.16253670505896 5.424983430087793 5.515397744971643 5.424983430087793 5.16253670505896 4.7530353741896985 4.2337196678843325 3.6485164400342542 3.0419612285238298 2.4537719579697965 1.9149519501466306 1.4458549326087309 1.0561721667567776 0.7464279159783126 0.5103688810314776
5.515397744971643 5.424983430087793 5.16253670505896 4.7530353741896985 4.2337196678843325 3.6485164400342542 3.0419612285238298 2.474135094349773 1.979314123158873 1.5574984254978332 1.2054857691759235 0.917736782231209 0.6872199640635962 0.5061683379195544 0.5103688810314776 0.612134446509316 0.7103176560036684 0.8952627328747844 1.2667687798863465 1.7341527702795472 2.29678590459093 2.9430445216727112 3.6485164400342542 4.376016396389106 5.077906866771017 5.700772100639426 6.191926400662322 6.506703979653857 6.615146556493746 6.506703979653857 6.191926400662322 5.700772100639426 5.077906866771017 4.376016396389106 3.6485164400342542 2.9430445216727112 2.29678590459093 1.7341527702795472 1.2667687798863465 0.8952627328747844 0.6127993895894706
6.615146556493746 6.506703979653857 6.191926400662322 5.700772100639426 5.077906866771017 4.376016396389106 3.678794411714424 3.0419612285238298 2.474135094349773 1.979314123158873 1.5574984254978332 1.2054857691759235 0.917736782231209 0.6872199640635962 0.7488995293395478 0.8952627328747844 1.0388582598959775 1.1662864916425162 1.4699519616297285 2.0123019345856896 2.665178523108102 3.415093690724336 4.2337196678843325 5.077906866771017 5.892376950158821 6.615146556493746 7.185079474201354 7.550345754095918 7.676181961208854 7.550345754095918 7.185079474201354 6.615146556493746 5.892376950158821 5.077906866771017 4.2337196678843325 3.415093690724336 2.665178523108102 2.0123019345856896 1.473212506313101 1.0490588238751095 0.7266179119668742
7.676181961208854 7.550345754095918 7.185079474201354 6.615146556493746 5.892376950158821 5.120046931872433 4.376016396389107 3.678794411714424 3.0419612285238298 2.474135094349773 1.979314123158873 1.5574984254978332 1.2054857691759235 0.917736782231209 1.0702308246625063 1.2667687798863465 1.4699519616297285 1.6502589259711273 1.7924382226230624 2.2591345268298606 2.992094137681475 3.8339952551219048 4.7530353741896985 5.700772100639426 6.615146556493746 7.426572389044386 8.066414308510229 8.47648481046321 8.617756314171563 8.47648481046321 8.066414308510229 7.426572389044386 6.615146556493746 5.700772100639426 4.7530353741896985 3.8343350654742245 3.0033190023789986 2.2881509993979754 1.6956636581927997 1.222268327671305 0.8569692096257996
8.617756314171563 8.47648481046321 8.066414308510229 7.426572389044386 6.67004372453167 5.8923769501588215 5.120046931872433 4.376016396389107 3.678794411714424 3.0419612285238298 2.474135094349773 1.979314123158873 1.5574984254978332 1.2667687798863474 1.4895184228723737 1.7398949927576945 2.0123019345856896 2.2591345268298606 2.4537719579697965 2.578513814760024 3.249880254342885 4.1643159945896855 5.16253670505896 6.191926400662322 7.185079474201354 8.066414308510229 8.76138228889075 9.206782722788244 9.360225578954148 9.206782722788244 8.76138228889075 8.066414308510229 7.185079474201354 6.195357172840322 5.1919024609324005 4.232125276171536 3.355539219663916 2.5878430778065753 1.9412674429305856 1.416460990427903 1.0052999947476517
9.360225578954148 9.206782722788244 8.76138228889075 8.133355123498387 7.426572389044386 6.67004372453167 5.8923769501588215 5.120046931872433 4.376016396389107 3.678794411714424 3.0419612285238298 2.474135094349773 1.979314123158873 1.7398949927576945 2.018965179946555 2.327358313457277 2.665178523108102 2.992094137681475 3.249880254342885 3.415093690724336 3.4720106122762973 4.376016396389106 5.424983430087793 6.506703979653857 7.550345754095918 8.47648481046321 9.206782722788244 9.674825879029632 9.836069275391278 9.674825879029632 9.206782722788244 8.488513256326952 7.610979984165276 6.637756898725941 5.630849503818151 4.646204399885161 3.729018326931199 2.9111362900359534 2.210560334580229 1.6327286821635005 1.1729985778133765
9.836069275391278 9.674825879029632 9.283187121981095 8.761382288890752 8.133355123498387 7.426572389044386 6.67004372453167 5.8923769501588215 5.120046931872433 4.376016396389107 3.678794411714424 3.0419612285238298 2.474135094349773 2.327358313457277 2.665178523108102 3.0319217616497984 3.426401937663095 3.8339952551219048 4.1643159945896855 4.376016396389106 4.4489483287164315 4.4489483287164315 5.515397744971643 6.615146556493746 7.676181961208854 8.617756314171563 9.360225578954148 9.836069275391278 10.0 9.862474814655792 9.461143480769076 8.828220352703243 8.012619412692887 7.073716977760044 6.074249946384024 5.073520878055298 4.121905773366208 3.2573054181184973 2.503748592286969 1.8719522604537722 1.3613526281058743
10.0 9.917695939779197 9.674825879029632 9.283187121981095 8.761382288890752 8.133355123498387 7.426572389044386 6.67004372453167 5.8923769501588215 5.120046931872433 4.376016396389107 3.678794411714424 3.0419612285238298 3.0319217616497984 3.426401937663095 3.846690592068213 4.290074510733782 4.7530353741896985 5.16253670505896 5.424983430087793 5.515397744971643 5.424983430087793 5.424983430087793 6.506703979653857 7.550345754095918 8.47648481046321 9.208618836202838 9.716932304823695 9.973226254301533 9.956666955708686 9.6686113612636 9.13242346590623 8.390344506112159 7.497998678866095 6.517525518079682 5.510511781793902 4.531823056834749 3.62514822282162 2.8206578355557044 2.1347491978795614 1.5715026796557292
9.917695939779197 10.0 9.917695939779197 9.674825879029632 9.283187121981095 8.761382288890752 8.133355123498387 7.426572389044386 6.67004372453167 5.8923769501588215 5.120046931872433 4.376016396389107 3.678794411714424 3.846690592068213 4.290074510733782 4.753035374189699 5.2312549876899626 5.719648812230301 6.191926400662322 6.506703979653857 6.615146556493746 6.506703979653857 6.191926400662322 6.191926400662322 7.190812885424929 8.118231678377342 8.914904773481338 9.522342328986733 9.893334350102549 9.99800609250176 9.827791223247543 9.396589642402907 8.738892859872594 7.905227683802024 6.955753215895677 5.953135421015432 4.95586163960996 4.012956004675043 3.1606866221301946 2.4214209323667237 1.804392282608305
9.674825879029632 9.917695939779197 10.0 9.917695939779197 9.674825879029632 9.283187121981095 8.761382288890752 8.133355123498387 7.426572389044386 6.67004372453167 5.8923769501588215 5.120046931872433 4.376016396389107 4.7530353741896985 5.2312549876899626 5.719648812230301 6.212429449511463 6.703200460356394 7.185079474201354 7.550345754095918 7.676181961208854 7.550345754095918 7.185079474201354 6.615146556493746 6.757510658964858 7.722583169175551 8.584406274495432 9.281747437696234 9.761600832191244 9.985829737787387 9.936171604950463 9.616694603804744 9.053247215492352 8.290004177710584 7.3837491427795054 6.396920182454248 5.390595502254877 4.418495039140401 3.5227661388348053 2.731901704184907 2.0607159818275314
9.283187121981095 9.674825879029632 9.917695939779197 10.0 9.917695939779197 9.674825879029632 9.283187121981095 8.761382288890752 8.133355123498387 7.426572389044386 6.67004372453167 5.8923769501588215 5.120046931872433 5.700772100639426 6.212429449511463 6.703200460356394 7.185079474201354 7.650848050376606 8.093124265299622 8.47648481046321 8.617756314171563 8.47648481046321 8.066414308510229 7.426572389044386 6.615146556493746 7.306932417766733 8.221956247105318 8.998850701059627 9.580115522582943 9.920333215702174 9.99202675509024 9.78932463497894 9.328755010140528 8.647019915455056 7.796165410737583 6.837029362215377 5.832109366178628 4.839000737104376 3.9053281459883067 3.0657108362358185 2.3408665772348805
8.761382288890752 9.283187121981095 9.674825879029632 9.917695939779197 10.0 9.917695939779197 9.674825879029632 9.283187121981095 8.761382288890752 8.133355123498387 7.426572389044386 6.67004372453167 5.8923769501588215 6.615146556493746 7.185079474201354 7.650848050376606 8.093124265299622 8.5045526153582 8.878004635377174 9.206782722788244 9.360225578954148 9.206782722788244 8.76138228889075 8.066414308510229 7.185079474201354 6.876681818770548 7.832698371673352 8.677920947083775 9.351726365773391 9.802564448997463 9.9944623496559 9.91176463209443 9.561242632195286 8.971178796623487 8.187597782352928 7.268341118331248 6.276043102663787 5.271186084754844 4.306283253311777 3.4219105451027456 2.6448833684300026
8.133355123498387 8.761382288890752 9.283187121981095 9.674825879029632 9.917695939779197 10.0 9.917695939779197 9.674825879029632 9.283187121981095 8.761382288890752 8.133355123498387 7.426572389044386 6.67004372453167 7.426572389044386 8.066414308510229 8.5045526153582 8.878004635377174 9.206782722788244 9.484819100234919 9.706861697088364 9.836069275391278 9.674825879029632 9.206782722788244 8.47648481046321 7.550345754095918 6.506703979653857 7.421966456862274 8.32368575318782 9.079965088125714 9.634396064766488 9.943439315175103 9.98206913826066 9.747120473169916 9.257717169994601 8.552701162087024 7.685542016093235 6.7176522625904935 5.71126551848711 4.7230114413649 3.799071423991224 2.9724032930991227
7.426572389044386 8.133355123498387 8.761382288890752 9.283187121981095 9.674825879029632 9.917695939779197 10.0 9.917695939779197 9.674825879029632 9.283187121981095 8.761382288890752 8.133355123498387 7.550345754095918 8.066414308510229 8.76138228889075 9.206782722788244 9.484819100234919 9.706861697088364 9.868639011493974 9.966996729675936 10.0 9.836069275391278 9.360225578954148 8.617756314171563 7.676181961208854 6.615146556493746 6.995164228734065 7.941215933603415 8.768956382853666 9.418475856329673 9.839774871590777 9.999113769802285 9.88347508580714 9.502319925790527 8.886309578602912 8.08323200514829 7.151884029430583 6.154994900328279 5.152366473903902 4.195247702346582 3.3226170180489154
6.67004372453167 7.426572389044386 8.133355123498387 8.761382288890752 9.283187121981095 9.674825879029632 9.917695939779197 10.0 9.917695939779197 9.674825879029632 9.283187121981095 8.761382288890752 8.47648481046321 8.47648481046321 9.206782722788244 9.674825879029632 9.868639011493974 9.966996729675936 10.0 9.966996729675936 9.868639011493974 9.674825879029632 9.206782722788244 8.47648481046321 7.550345754095918 6.506703979653857 6.557649286186814 7.535805453776053 8.423313882405507 9.158157432642044 9.68512075584796 9.962625133431938 9.968145143670426 9.701228435980008 9.183556949982796 8.456038085244947 7.573467245775538 6.597727693081117 5.590695475078054 4.60796425121253 3.694232117801868
5.8923769501588215 6.67004372453167 7.426572389044386 8.133355123498387 8.761382288890752 9.283187121981095 9.674825879029632 9.917695939779197 10.0 9.917695939779197 9.674825879029632 9.360225578954148 9.206782722788244 8.76138228889075 9.360225578954148 9.836069275391278 10.0 9.966996729675936 9.868639011493974 9.706861697088364 9.484819100234919 9.206782722788244 8.76138228889075 8.066414308510229 7.185079474201354 6.191926400662322 6.114624618638191 7.1128507202197895 8.048026580116856 8.857413593398544 9.481919437130577 9.873188121868933 9.999778435087029 9.851336575740495 9.439994718649734 8.798733419231242 7.977014521495816 7.034486813305136 6.033874478947805 5.034217063374475 4.08544546498518
5.120046931872433 5.8923769501588215 6.67004372453167 7.426572389044386 8.133355123498387 8.761382288890752 9.283187121981095 9.674825879029632 9.917695939779197 10.0 9.917695939779197 9.836069275391278 9.674825879029632 9.206782722788244 9.206782722788244 9.674825879029632 9.836069275391278 9.706861697088364 9.484819100234919 9.206782722788244 8.878004635377174 8.5045526153582 8.066414308510229 7.426572389044386 6.615146556493746 5.700772100639426 5.671040621594496 6.677733046261901 7.648339597856667 8.520735555614072 9.233339945768385 9.73223031582771 9.97786779117473 9.950271400433543 9.65170239889287 9.1063582670296 8.357133832181262 7.4600509906378125 6.4773602113972455 5.470488593376031 4.493926848818945
4.867522559599717 5.515397744971643 6.175572692384898 6.83296467972947 7.470895302636413 8.133355123498387 8.761382288890752 9.283187121981095 9.674825879029632 9.917695939779197 10.0 10.0 9.836069275391278 9.360225578954148 8.761382288890752 9.206782722788244 9.360225578954148 9.206782722788244 8.878004635377174 8.5045526153582 8.093124265299622 7.650848050376606 7.185079474201354 6.615146556493746 5.892376950158821 5.077906866771017 5.231509990492208 6.23570779481855 7.229633260188306 8.153021600356258 8.943195671796541 9.54198407369807 9.902764613890266 9.996455550423681 9.81538720599138 9.374338867915622 8.708546492291715 7.869053813838388 6.91625775595916 5.912778900829925 4.916815626633182
5.7347951756177595 6.3958090775294005 7.048628274348209 7.676181961208854 8.260711425579313 8.78458355251383 9.231163463866357 9.585686951944668 9.836069275391278 9.973588658489748 9.993390614913519 10.0 9.917695939779197 9.674825879029632 9.283187121981095 8.761382288890752 8.617756314171563 8.47648481046321 8.093124265299622 7.650848050376606 7.185079474201354 6.703200460356394 6.212429449511463 5.700772100639426 5.077906866771017 4.376016396389106 4.800237254410816 5.791803270048788 6.797304331587584 7.759458989189491 8.615847112107023 9.305427715831732 9.775669499818932 9.98914909036382 9.928469232025428 9.598600309332255 9.026207968930782 8.256093029576576 7.345403110392697 6.3566530133893275 5.3507318973706095
6.615146556493746 7.26149037073691 7.876687181573527 8.442925693142683 8.942807302246287 9.360225578954148 9.681224573160904 9.894772432883084 9.993390614913519 9.973588658489748 9.836069275391278 9.917695939779197 10.0 9.917695939779197 9.674825879029632 9.283187121981095 8.761382288890752 8.133355123498387 7.426572389044386 6.703200460356394 6.212429449511463 5.719648812230301 5.2312549876899626 4.7530353741896985 4.2337196678843325 3.6485164400342542 4.380964061687668 5.3507318973706095 6.3566530133893275 7.345403110392697 8.256093029576572 9.026207968930782 9.598600309332255 9.928469232025428 9.98914909036382 9.775669499818932 9.305427715831732 8.615847112107025 7.759458989189491 6.797304331587584 5.791803270048788
7.426572389044386 8.071749238414048 8.617756314171563 9.091850669067743 9.478550218044012 9.764793724100514 9.940672554230032 10.0 9.940672554230032 9.764793724100514 9.478550218044012 9.674825879029632 9.917695939779197 10.0 9.917695939779197 9.674825879029632 9.283187121981095 8.761382288890752 8.133355123498387 7.426572389044386 6.615146556493746 5.700772100639426 4.7530353741896985 3.846690592068213 3.415093690724336 3.1288441674644396 3.9769306812502405 4.916815626633182 5.912778900829925 6.91625775595916 7.869053813838384 8.708546492291715 9.374338867915618 9.81538720599138 9.996455550423681 9.902764613890266 9.54198407369807 8.943195671796545 8.153021600356258 7.229633260188306 6.23570779481855
8.066414308510229 8.76138228889075 9.231163463866357 9.585686951944668 9.836069275391278 9.973588658489748 9.993390614913519 9.894772432883084 9.681224573160904 9.360225578954148 8.942807302246287 9.283187121981095 9.674825879029632 9.917695939779197 10.0 9.917695939779197 9.674825879029632 9.283187121981095 8.76138228889075 8.066414308510229 7.185079474201354 6.191926400662322 5.16253670505896 4.1643159945896855 3.249880254342885 2.7908802723108277 3.590853566360716 4.493926848818945 5.470488593376031 6.4773602113972455 7.460050990637809 8.357133832181262 9.106358267029599 9.65170239889287 9.950271400433543 9.97786779117473 9.73223031582771 9.233339945768389 8.520735555614072 7.648339597856667 6.677733046261901
8.47648481046321 9.206782722788244 9.674825879029632 9.894772432883084 9.993390614913519 9.973588658489748 9.836069275391278 9.585686951944668 9.231163463866357 8.78458355251383 8.260711425579313 8.761382288890752 9.283187121981095 9.674825879029632 9.917695939779197 10.0 9.917695939779197 9.674825879029632 9.206782722788244 8.47648481046321 7.550345754095918 6.506703979653857 5.424983430087793 4.376016396389106 3.415093690724336 2.578513814760024 3.2249182673017645 4.08544546498518 5.034217063374475 6.033874478947805 7.034486813305135 7.977014521495816 8.79873341923124 9.439994718649736 9.851336575740495 9.999778435087029 9.873188121868933 9.481919437130577 8.857413593398544 8.048026580116856 7.1128507202197895
8.617756314171563 9.360225578954148 9.836069275391278 10.0 9.940672554230032 9.764793724100514 9.478550218044012 9.091850669067743 8.617756314171563 8.071749238414048 7.470895302636413 8.133355123498387 8.761382288890752 9.283187121981095 9.674825879029632 9.917695939779197 10.0 9.836069275391278 9.360225578954148 8.617756314171563 7.676181961208854 6.615146556493746 5.515397744971643 4.4489483287164315 3.4720106122762973 2.621488058457631 2.8807864971585366 3.694232117801868 4.60796425121253 5.590695475078054 6.597727693081112 7.573467245775538 8.456038085244943 9.183556949982798 9.701228435980008 9.968145143670426 9.962625133431938 9.685120755847962 9.158157432642044 8.423313882405507 7.535805453776053
8.47648481046321 9.206782722788244 9.674825879029632 9.836069275391278 9.681224573160904 9.360225578954148 8.942807302246287 8.442925693142683 7.876687181573527 7.26149037073691 6.67004372453167 7.426572389044386 8.133355123498387 8.761382288890752 9.283187121981095 9.674825879029632 9.836069275391278 9.674825879029632 9.206782722788244 8.47648481046321 7.550345754095918 6.506703979653857 5.424983430087793 4.376016396389106 3.415093690724336 2.578513814760024 2.5596157653454847 3.3226170180489154 4.195247702346582 5.152366473903902 6.154994900328276 7.151884029430583 8.083232005148288 8.886309578602914 9.502319925790527 9.88347508580714 9.999113769802285 9.839774871590778 9.418475856329673 8.768956382853666 7.941215933603415
8.066414308510229 8.76138228889075 9.206782722788244 9.360225578954148 9.206782722788244 8.78458355251383 8.260711425579313 7.676181961208854 7.048628274348209 6.3958090775294005 5.8923769501588215 6.67004372453167 7.426572389044386 8.133355123498387 8.76138228889075 9.206782722788244 9.360225578954148 9.206782722788244 8.76138228889075 8.066414308510229 7.185079474201354 6.191926400662322 5.16253670505896 4.1643159945896855 3.249880254342885 2.4537719579697965 2.262089705875592 2.9724032930991227 3.799071423991224 4.7230114413649 5.711265518487107 6.7176522625904935 7.6855420160932315 8.552701162087024 9.2577171699946 9.747120473169915 9.98206913826066 9.943439315175105 9.634396064766488 9.079965088125714 8.32368575318782
7.426572389044386 8.066414308510229 8.47648481046321 8.617756314171563 8.47648481046321 8.066414308510229 7.470895302636413 6.83296467972947 6.175572692384898 5.515397744971643 5.120046931872433 5.8923769501588215 6.67004372453167 7.426572389044386 8.066414308510229 8.47648481046321 8.617756314171563 8.47648481046321 8.066414308510229 7.426572389044386 6.615146556493746 5.700772100639426 4.7530353741896985 3.8339952551219048 2.992094137681475 2.2591345268298606 1.9884570445486127 2.6448833684300026 3.4219105451027456 4.306283253311777 5.271186084754841 6.276043102663787 7.268341118331245 8.18759778235293 8.971178796623485 9.561242632195285 9.91176463209443 9.994462349655901 9.802564448997463 9.351726365773391 8.677920947083775
6.615146556493746 7.185079474201354 7.550345754095918 7.676181961208854 7.550345754095918 7.185079474201354 6.615146556493746 5.955040391405882 5.2973844151470555 4.656609332892231 4.376016396389107 5.120046931872433 5.892376950158821 6.615146556493746 7.185079474201354 7.550345754095918 7.676181961208854 7.550345754095918 7.185079474201354 6.615146556493746 5.892376950158821 5.077906866771017 4.2337196678843325 3.415093690724336 2.665178523108102 2.0123019345856896 1.738577068635575 2.3408665772348805 3.0657108362358185 3.9053281459883067 4.839000737104373 5.832109366178628 6.837029362215374 7.7961654107375855 8.647019915455056 9.328755010140526 9.78932463497894 9.99202675509024 9.920333215702174 9.580115522582943 8.998850701059627
5.700772100639426 6.191926400662322 6.506703979653857 6.615146556493746 6.506703979653857 6.191926400662322 5.700772100639426 5.081265270661052 4.4489483287164315 3.8492346995099425 3.678794411714424 4.376016396389106 5.077906866771017 5.700772100639426 6.191926400662322 6.506703979653857 6.615146556493746 6.506703979653857 6.191926400662322 5.700772100639426 5.077906866771017 4.376016396389106 3.6485164400342542 2.9430445216727112 2.29678590459093 1.7341527702795472 1.5119694767918697 2.0607159818275314 2.731901704184907 3.5227661388348053 4.4184950391403985 5.390595502254877 6.396920182454245 7.383749142779509 8.290004177710582 9.05324721549235 9.616694603804742 9.936171604950463 9.985829737787387 9.761600832191244 9.281747437696234
4.7530353741896985 5.16253670505896 5.424983430087793 5.515397744971643 5.424983430087793 5.16253670505896 4.7530353741896985 4.2337196678843325 3.658178179354282 3.1152334749437216 3.0419612285238298 3.6485164400342542 4.2337196678843325 4.7530353741896985 5.16253670505896 5.424983430087793 5.515397744971643 5.424983430087793 5.16253670505896 4.7530353741896985 4.2337196678843325 3.6485164400342542 3.0419612285238298 2.4537719579697965 1.9149519501466306 1.4458549326087309 1.3078665844540616 1.804392282608305 2.4214209323667237 3.1606866221301946 4.01295600467504 4.95586163960996 5.953135421015428 6.95575321589568 7.905227683802023 8.738892859872593 9.396589642402907 9.827791223247543 9.99800609250176 9.893334350102549 9.522342328986733
3.8339952551219048 4.1643159945896855 4.376016396389106 4.4489483287164315 4.376016396389106 4.1643159945896855 3.8339952551219048 3.415093690724336 2.9430445216727112 2.4684164422312143 2.4537719579697965 2.9430445216727112 3.415093690724336 3.8339952551219048 4.1643159945896855 4.376016396389106 4.4489483287164315 4.376016396389106 4.1643159945896855 3.8339952551219048 3.415093690724336 2.9430445216727112 2.4537719579697965 1.979314123158873 1.5446795810772347 1.1662864916425162 1.1252660266304313 1.5715026796557292 2.1347491978795614 2.8206578355557044 3.6251482228216183 4.531823056834749 5.510511781793898 6.517525518079684 7.497998678866092 8.390344506112159 9.13242346590623 9.6686113612636 9.956666955708686 9.973226254301533 9.716932304823695
2.992094137681475 3.249880254342885 3.415093690724336 3.4720106122762973 3.415093690724336 3.249880254342885 2.992094137681475 2.665178523108102 2.29678590459093 1.9149519501466306 1.9149519501466306 2.29678590459093 2.665178523108102 2.992094137681475 3.249880254342885 3.415093690724336 3.4720106122762973 3.415093690724336 3.249880254342885 2.992094137681475 2.665178523108102 2.29678590459093 1.9149519501466306 1.5446795810772347 1.2054857691759224 0.9101834358920482 0.9629823198150789 1.3613526281058743 1.8719522604537722 2.503748592286969 3.2573054181184964 4.121905773366208 5.073520878055293 6.074249946384026 7.073716977760043 8.012619412692887 8.82822035270324 9.461143480769076 9.862474814655792 10.0 9.836069275391278
2.2591345268298606 2.4537719579697965 2.578513814760024 2.621488058457631 2.578513814760024 2.4537719579697965 2.2591345268298606 2.0123019345856896 1.7341527702795472 1.4458549326087309 1.4458549326087309 1.7341527702795472 2.0123019345856896 2.2591345268298606 2.4537719579697965 2.578513814760024 2.621488058457631 2.578513814760024 2.4537719579697965 2.2591345268298606 2.0123019345856896 1.7341527702795472 1.4458549326087309 1.1662864916425162 0.9101834358920482 0.6872199640635962 0.8196959011276163 1.1729985778133765 1.6327286821635005 2.210560334580229 2.9111362900359508 3.729018326931199 4.646204399885159 5.630849503818153 6.637756898725939 7.610979984165275 8.48851325632695 9.206782722788244 9.674825879029632 9.836069275391278 9.674825879029632
1.6502589259711273 1.7924382226230624 1.8835600040687885 1.9149519501466306 1.8835600040687885 1.7924382226230624 1.6502589259711273 1.4699519616297285 1.2667687798863465 1.0561721667567776 1.0561721667567776 1.2667687798863465 1.4699519616297285 1.6502589259711273 1.7924382226230624 1.8835600040687885 1.9149519501466306 1.8835600040687885 1.7924382226230624 1.6502589259711273 1.4699519616297285 1.2667687798863465 1.0561721667567776 0.8519522278177128 0.6648733492908294 0.5020023669829546 0.6939985394361898 1.0052999947476517 1.416460990427903 1.9412674429305856 2.587843077806572 3.355539219663916 4.232125276171534 5.191902460932401 6.195357172840321 7.185079474201354 8.066414308510229 8.76138228889075 9.206782722788244 9.360225578954148 9.206782722788244
1.1662864916425162 1.2667687798863465 1.331167221320022 1.353352832366127 1.331167221320022 1.2667687798863465 1.1662864916425162 1.0388582598959775 0.8952627328747844 0.7464279159783126 0.7464279159783126 0.8952627328747844 1.0388582598959775 1.1662864916425162 1.2667687798863465 1.331167221320022 1.353352832366127 1.331167221320022 1.2667687798863465 1.1662864916425162 1.0388582598959775 0.8952627328747844 0.7464279159783126 0.6020996821718928 0.4698855396129376 0.3876840927341119 0.5844342950755731 0.8569692096257996 1.222268327671305 1.6956636581927997 2.2881509993979727 3.0033190023789986 3.8343350654742214 4.7530353741896985 5.700772100639426 6.615146556493746 7.426572389044386 8.066414308510229 8.47648481046321 8.617756314171563 8.47648481046321
0.7974465034866327 0.866151105654776 0.9101834358920482 0.9253528115842201 0.9101834358920482 0.866151105654776 0.7974465034866327 0.7103176560036684 0.612134446509316 0.5103688810314776 0.5103688810314776 0.612134446509316 0.7103176560036684 0.7974465034866327 0.866151105654776 0.9101834358920482 0.9253528115842201 0.9101834358920482 0.866151105654776 0.7974465034866327 0.7103176560036684 0.612134446509316 0.5103688810314776 0.41168468445706685 0.3212834781920123 0.32079977831406237 0.48953547858023827 0.7266179119668742 1.049058823875109 1.473212506313101 2.0123019345856896 2.665178523108102 3.415093690724336 4.2337196678843325 5.077906866771017 5.892376950158821 6.615146556493746 7.185079474201354 7.550345754095918 7.676181961208854 7.550345754095918
0.5275225491527574 0.5729716503975442 0.6020996821718928 0.612134446509316 0.6020996821718928 0.5729716503975442 0.5275225491527574 0.4698855396129376 0.40493590759373077 0.3376164945896947 0.3376164945896947 0.40493590759373077 0.4698855396129376 0.5275225491527574 0.5729716503975442 0.6020996821718928 0.612134446509316 0.6020996821718928 0.5729716503975442 0.5275225491527574 0.4698855396129376 0.40493590759373077 0.3376164945896947 0.27233545227473793 0.21253372944202237 0.2640349882472336 0.4078533136684997 0.6127993895894706 0.8952627328747844 1.2667687798863465 1.7341527702795472 2.29678590459093 2.9430445216727112 3.6485164400342542 4.376016396389106 5.077906866771017 5.700772100639426 6.191926400662322 6.506703979653857 6.615146556493746 6.506703979653857
0.3376164945896947 0.3667040971370382 0.3853461513918705 0.3917684398136178 0.3853461513918705 0.3667040971370382 0.3376164945896947 0.300728583066823 0.25916056455759806 0.2160758769499085 0.2160758769499085 0.25916056455759806 0.300728583066823 0.3376164945896947 0.3667040971370382 0.3853461513918705 0.3917684398136178 0.3853461513918705 0.3667040971370382 0.3376164945896947 0.300728583066823 0.25916056455759806 0.2160758769499085 0.1742957545552638 0.13602241805878101 0.21615249111046253 0.3376164945896947 0.5103688810314776 0.7464279159783126 1.0561721667567776 1.4458549326087309 1.9149519501466306 2.4537719579697965 3.0419612285238298 3.6485164400342542 4.2337196678843325 4.7530353741896985 5.16253670505896 5.424983430087793 5.515397744971643 5.424983430087793
