9.241177075125354E-4 0.0018198791977848386 0.003467376385859652 0.006391496730900683 0.011398489741903339 0.019666868409565528 0.03282965121592855 0.05302009276534178 0.08284338869722535 0.12523288484954634 0.18315638888734193 0.25916056455759806 0.35477982889276144 0.4698855396129376 0.6020996821718928 0.7464279159783126 0.8952627328747844 1.0388582598959775 1.1662864916425162 1.2667687798863465 1.331167221320022 1.353352832366127 1.331167221320022 1.2667687798863465 1.1662864916425162 1.0388582598959775 0.8952627328747844 0.7464279159783126 0.6020996821718928 0.4698855396129376 0.35477982889276144 0.25916056455759806 0.18315638888734193 0.12523288484954634 0.11154996458317065 0.18620892529252323 0.300728583066823 0.4698855396129376 0.7103176560036684 1.0388582598959775 1.4699519616297285 2.0123019345856896 2.665178523108102 3.415093690724336 4.2337196678843325 5.077906866771017 5.892376950158821 6.615146556493746 7.185079474201354 7.550345754095918 7.676181961208854
0.0013075976669529817 0.002575072172964978 0.004906229191086523 0.009043768067337896 0.016128506652490635 0.02782800398646236 0.04645293017096103 0.07502177378269904 0.11722080520949421 0.17720061711168703 0.25916056455759806 0.3667040971370382 0.5020023669829546 0.6648733492908294 0.8519522278177128 1.0561721667567776 1.2667687798863465 1.4699519616297285 1.6502589259711273 1.7924382226230624 1.8835600040687885 1.9149519501466306 1.8835600040687885 1.7924382226230624 1.6502589259711273 1.4699519616297285 1.2667687798863465 1.0561721667567776 0.8519522278177128 0.6648733492908294 0.5020023669829546 0.3667040971370382 0.25916056455759806 0.17720061711168703 0.12523288484954634 0.20904964861489975 0.3376164945896947 0.5275225491527574 0.7974465034866327 1.1662864916425162 1.6502589259711273 2.2591345268298606 2.992094137681475 3.8339952551219048 4.7530353741896985 5.700772100639426 6.615146556493746 7.426572389044386 8.066414308510229 8.47648481046321 8.617756314171563
0.0017900457862255127 0.0035251646656603293 0.006716419822181294 0.012380535182708563 0.022079242033734195 0.03809535802485094 0.0635920925923056 0.1027016286651976 0.16047031416947444 0.24258013454282273 0.35477982889276144 0.5020023669829546 0.6872199640635962 0.9101834358920482 1.1662864916425162 1.4458549326087309 1.7341527702795472 2.0123019345856896 2.2591345268298606 2.4537719579697965 2.578513814760024 2.621488058457631 2.578513814760024 2.4537719579697965 2.2591345268298606 2.0123019345856896 1.7341527702795472 1.4458549326087309 1.1662864916425162 0.9101834358920482 0.6872199640635962 0.5020023669829546 0.35477982889276144 0.24258013454282273 0.16047031416947444 0.22706047802938678 0.3667040971370382 0.5729716503975442 0.866151105654776 1.2667687798863465 1.7924382226230624 2.4537719579697965 3.249880254342885 4.1643159945896855 5.16253670505896 6.191926400662322 7.185079474201354 8.066414308510229 8.76138228889075 9.206782722788244 9.360225578954148
0.0023708129991986803 0.004668878459967209 0.008895512922090702 0.016397308925875858 0.02924269000761537 0.05045511724305457 0.08422408014600931 0.13602241805878101 0.21253372944202237 0.3212834781920123 0.4698855396129376 0.6648733492908294 0.9101834358920482 1.2054857691759224 1.5446795810772347 1.9149519501466306 2.29678590459093 2.665178523108102 2.992094137681475 3.249880254342885 3.415093690724336 3.4720106122762973 3.415093690724336 3.249880254342885 2.992094137681475 2.665178523108102 2.29678590459093 1.9149519501466306 1.5446795810772347 1.2054857691759224 0.9101834358920482 0.6648733492908294 0.4698855396129376 0.3212834781920123 0.21253372944202237 0.23860350081969417 0.3853461513918705 0.6020996821718928 0.9101834358920482 1.331167221320022 1.8835600040687885 2.578513814760024 3.415093690724336 4.376016396389106 5.424983430087793 6.506703979653857 7.550345754095918 8.47648481046321 9.206782722788244 9.674825879029632 9.836069275391278
0.0030379010055988816 0.005982585118837845 0.011398489741903339 0.02101110517441499 0.03747085806032667 0.0646519364716206 0.10792264841540984 0.1742957545552638 0.27233545227473793 0.41168468445706685 0.6020996821718928 0.8519522278177128 1.1662864916425162 1.5446795810772347 1.979314123158873 2.4537719579697965 2.9430445216727112 3.415093690724336 3.8339952551219048 4.1643159945896855 4.376016396389106 4.4489483287164315 4.376016396389106 4.1643159945896855 3.8339952551219048 3.415093690724336 2.9430445216727112 2.4537719579697965 1.979314123158873 1.5446795810772347 1.1662864916425162 0.8519522278177128 0.6020996821718928 0.41168468445706685 0.27233545227473793 0.24428830465566556 0.39417049112858393 0.6153692452570318 0.9295178033141163 1.358469472151988 1.9209333663441754 2.6281186200487685 3.478947477550935 4.455752168408434 5.521593466816147 6.620306174480847 7.680013227666426 8.620175484375343 9.36139330818308 9.836376034245294 10.0
0.0037661108014174676 0.0074166598565686 0.014130801253138831 0.02604763947253228 0.04645293017096103 0.08014953608744282 0.13379259270324034 0.2160758769499085 0.3376164945896947 0.5103688810314776 0.7464279159783126 1.0561721667567776 1.4458549326087309 1.9149519501466306 2.4537719579697965 3.0419612285238298 3.6485164400342542 4.2337196678843325 4.7530353741896985 5.16253670505896 5.424983430087793 5.515397744971643 5.424983430087793 5.16253670505896 4.7530353741896985 4.2337196678843325 3.6485164400342542 3.0419612285238298 2.4537719579697965 1.9149519501466306 1.4458549326087309 1.0561721667567776 0.7464279159783126 0.5103688810314776 0.3376164945896947 0.24959427699951353 0.40215458383687375 0.6269337779451095 0.9456285190514763 1.3800337249177788 1.9486286515142228 2.6621879543720373 3.5189945175635606 4.500582347252063 5.569152118641895 6.667755937305078 7.723969585117465 8.657084591339801 9.387998539946949 9.850190088980137 9.999688138341856
0.004517058615053477 0.008895512922090702 0.016948427941651474 0.03124143725057824 0.05571546337517273 0.09613104116322324 0.16047031416947444 0.25916056455759806 0.40493590759373077 0.612134446509316 0.8952627328747844 1.2667687798863465 1.7341527702795472 2.29678590459093 2.9430445216727112 3.6485164400342542 4.376016396389106 5.077906866771017 5.700772100639426 6.191926400662322 6.506703979653857 6.615146556493746 6.506703979653857 6.191926400662322 5.700772100639426 5.077906866771017 4.376016396389106 3.6485164400342542 2.9430445216727112 2.29678590459093 1.7341527702795472 1.2667687798863465 0.8952627328747844 0.612134446509316 0.40493590759373077 0.25916056455759806 0.4102748067810231 0.6386758034252306 0.961958468742492 1.4018528462563422 1.9765999458358836 2.696530746084787 3.55928053812147 4.545580039451213 5.616770055756484 6.715126929400633 7.767693013856026 8.693609466403183 9.414092177863196 9.863408311406152 9.99875261172083
0.005241571530196729 0.010322307335915723 0.019666868409565528 0.036252402727149455 0.0646519364716206 0.11154996458317065 0.18620892529252323 0.300728583066823 0.4698855396129376 0.7103176560036684 1.0388582598959775 1.4699519616297285 2.0123019345856896 2.665178523108102 3.415093690724336 4.2337196678843325 5.077906866771017 5.892376950158821 6.615146556493746 7.185079474201354 7.550345754095918 7.676181961208854 7.550345754095918 7.185079474201354 6.615146556493746 5.892376950158821 5.077906866771017 4.2337196678843325 3.415093690724336 2.665178523108102 2.0123019345856896 1.4699519616297285 1.0388582598959775 0.7103176560036684 0.4698855396129376 0.300728583066823 0.4185328855096515 0.6505971675627649 0.9785093836819556 1.42392812249245 2.004847696982657 2.731146211200068 3.599803220959312 4.590741278641755 5.664441819681816 6.762412660964627 7.811176725715159 8.729743922639221 9.439669540458402 9.876028251977374 9.997193595178933
0.005884512167481393 0.011588460209833059 0.022079242033734195 0.040699187966693695 0.07258225984835635 0.12523288484954634 0.20904964861489975 0.3376164945896947 0.5275225491527574 0.7974465034866327 1.1662864916425162 1.6502589259711273 2.2591345268298606 2.992094137681475 3.8339952551219048 4.7530353741896985 5.700772100639426 6.615146556493746 7.426572389044386 8.066414308510229 8.47648481046321 8.617756314171563 8.47648481046321 8.066414308510229 7.426572389044386 6.615146556493746 5.700772100639426 4.7530353741896985 3.8339952551219048 2.992094137681475 2.2591345268298606 1.6502589259711273 1.1662864916425162 0.7974465034866327 0.5275225491527574 0.3376164945896947 0.42693055430408905 0.6626997168662931 0.9952829833059829 1.4462608119402462 2.0333723069415863 2.7660335042939073 3.6405601768104843 4.6360620281746066 5.712161895326032 6.809606612301718 7.854413939295618 8.765481820418042 9.464726030128297 9.888047569956994 9.9950113803922
0.006391496730900683 0.012586872698917709 0.023981495706512746 0.04420565705972049 0.078835638934656 0.13602241805878101 0.22706047802938678 0.3667040971370382 0.5729716503975442 0.866151105654776 1.2667687798863465 1.7924382226230624 2.4537719579697965 3.249880254342885 4.1643159945896855 5.16253670505896 6.191926400662322 7.185079474201354 8.066414308510229 8.76138228889075 9.206782722788244 9.360225578954148 9.206782722788244 8.76138228889075 8.066414308510229 7.185079474201354 6.191926400662322 5.16253670505896 4.1643159945896855 3.249880254342885 2.4537719579697965 1.7924382226230624 1.2667687798863465 0.8664794453878424 0.5739920052254917 0.3682516143773734 0.43546955591713815 0.6749852980346577 1.0122809745553363 1.4688521441457763 2.0621741312593533 2.801191717928929 3.6815489451982697 4.681538181429516 5.759924711884752 6.856702235245872 7.897397881700318 8.800817069137668 9.48925713451421 9.899464034140914 9.992206375579743
0.006716419822181294 0.013226748734074733 0.02520063764564893 0.04645293017096103 0.08284338869722535 0.1429373593346554 0.23860350081969417 0.3853461513918705 0.6020996821718928 0.9101834358920482 1.331167221320022 1.8835600040687885 2.578513814760024 3.415093690724336 4.376016396389106 5.424983430087793 6.506703979653857 7.550345754095918 8.47648481046321 9.206782722788244 9.674825879029632 9.836069275391278 9.674825879029632 9.206782722788244 8.47648481046321 7.550345754095918 6.506703979653857 5.425497481401842 4.380625882871418 3.4255002292186916 2.5941977265214318 1.902713437452089 1.35155876587457 0.9297960981023208 0.6194863515260564 0.39973023881804626 0.4441516413039107 0.687455757495513 1.0295050512317436 1.4917033191266578 2.0912534782922205 2.8366198820900475 3.722766994246911 4.727165562153878 5.807724643767399 6.903692954601016 7.940121790275768 8.835743628947307 9.513258427856568 9.910275523548046 9.988779105376484
0.006828357582825298 0.013447189485709044 0.025620638631224376 0.04722712790075704 0.08422408014600931 0.14531959396856667 0.24258013454282273 0.3917684398136178 0.612134446509316 0.9253528115842201 1.353352832366127 1.9149519501466306 2.621488058457631 3.4720106122762973 4.4489483287164315 5.515397744971643 6.615146556493746 7.676181961208854 8.617756314171563 9.360225578954148 9.836069275391278 10.0 9.841144726592598 9.379560193409548 8.657860189482005 7.739802867085642 6.701013111737947 5.618783177770423 4.562840804723259 3.5885549215655232 2.7333491792544296 2.0163312025797615 1.4405218952149812 0.9967106390647262 0.6678971060981443 0.43345225518712455 0.4529785693446968 0.7001129409353902 1.046956893347337 1.5148155066091216 2.120610608460138 2.872316963632617 3.764211720512968 4.7729399248267175 5.855556011548446 6.950572169600166 7.982578914359911 8.870255512461826 9.536725572324935 9.920480028077009 9.984730210669609
0.006716419822181294 0.013226748734074733 0.02520063764564893 0.04645293017096103 0.08284338869722535 0.1429373593346554 0.23860350081969417 0.3853461513918705 0.6020996821718928 0.9101834358920482 1.331167221320022 1.8835600040687885 2.578513814760024 3.415093690724336 4.376016396389106 5.424983430087793 6.50780011096384 7.559970157833835 8.505448019928375 9.267562974412552 9.77969102811719 9.994842621115403 9.892772533624973 9.483121700683647 8.803915431805615 7.915742127957742 6.892847191192568 5.812954197617102 4.747734108407526 3.755494358979057 2.8769947977251893 2.1345300667839067 1.5337575516961064 1.06733902534519 0.7193484318487442 0.46953443777954673 0.46195210655979735 0.7129586928213022 1.06463816646734 1.5381898452626874 2.150245733505369 2.9082818657433895 3.8058804488372093 4.8188569550479174 5.903413082943448 6.997333255382579 8.0247625170357 8.904346786466634 9.559654319323966 9.930075649128975 9.980060448398834
0.006391496730900683 0.012586872698917709 0.023981495706512746 0.04420565705972049 0.078835638934656 0.13602241805878101 0.22706047802938678 0.3667040971370382 0.5729716503975442 0.866151105654776 1.2667821164705266 1.7936463576151784 2.4595913306233737 3.266482416307613 4.201350682773083 5.233458433132121 6.313640689281189 7.376701045384703 8.347102400959377 9.147460377041362 9.708599144229604 9.979386438109342 9.93441614392897 9.577939589528473 8.943202739642526 8.08733245075154 7.082861568575176 6.007633753899765 4.9350252725026325 3.9261469520940806 3.025066721549358 2.2573276567575316 1.631343754418919 1.1417935991034367 0.7739643571305422 0.5080957416780236 0.47107402681627886 0.7259948559139049 1.082550521046131 1.561827441932713 2.180159015755962 2.944513427414654 3.847770432217345 4.864912269952837 5.951290073809697 7.043969564488545 8.066665876889834 8.938011573612412 9.582040510774792 9.939060600196404 9.974770691320568
0.005884512167481393 0.011588460209833059 0.022079242033734195 0.040699187966693695 0.07258225984835635 0.12526585041434865 0.20936681426797774 0.3389020813240767 0.5312902727221773 0.8066418134976522 1.186098711095875 1.6890876043398573 2.3295645724896423 3.1116344328836902 4.025257072545445 5.043010962634344 6.11895754772338 7.1904522314976695 8.183257330575657 9.019603539517497 9.62808522653511 9.953679229702555 9.96594746167715 9.663729904143878 9.075325495748476 8.254121836197786 7.2706087893954 6.202430643470896 5.1244149971773005 4.100321475746222 3.1774795167124745 2.3847279879789247 1.7333496429254758 1.2201823520269812 0.8318682344652873 0.549256973542688 0.4803461110265925 0.73922327077225 1.1006955917568284 1.5857293708710816 2.21035056739444 2.9810104229319236 3.8898788517018734 4.911101418652358 5.9991811491713225 7.090474428371336 8.108282289775964 8.971244054098898 9.603880080371248 9.947433207417367 9.968861927736054
0.006716419822181294 0.010350165154276576 0.019776704679669632 0.036597533283998604 0.0655904994462915 0.1138469234134189 0.1913783901732704 0.31157007067113235 0.4912581924497401 0.7501620960782608 1.1094089482025047 1.5889837280552914 2.2041364300193793 2.961070399517563 3.8525672682431047 4.854482787651438 5.924162163211467 7.001678222409481 8.01435535817215 8.884362696792143 9.538392777385615 9.917800353614506 9.98726925697194 9.740234055840936 9.199903348938465 8.4156637351596 7.455636412026138 6.3969404045322875 5.315585722094061 4.277806983367029 3.3341296327148884 2.5167206649169667 1.839834618342287 1.3026081612761127 0.8931821615037581 0.5931404252602894 0.48977014683901704 0.7526457752501621 1.11907499681454 1.6098966729652806 2.2408204497320225 3.0177715613755227 3.932202816305317 4.9574198826984945 6.0470804242686444 7.136841158925888 8.149605070581785 9.004038467347147 9.625169054810426 9.955191910095252 9.962335261183634
0.013226748734074733 0.013447189485709044 0.017648391225768157 0.03284728307131721 0.059208631218014104 0.10336221956734239 0.17475510426484872 0.2861469688570008 0.453774061774571 0.6969175843831232 1.0366076634195796 1.4932710485899134 2.083311026488646 2.814886040246758 3.683483760234383 4.6681837134318 5.729653463986434 6.810829533720582 7.840845609729864 8.742125397641964 9.439791423155135 9.871860338410936 9.998315665368798 9.80722012130734 9.316574034347497 8.571519021380574 7.637488765933979 6.590746581672445 5.50820226038706 4.458372821442011 3.4948949278099004 2.6532801120489435 1.950847482129844 1.389167999836557 0.9580263650714115 0.6398694697614343 0.49934792831987485 0.7662642039842695 1.1376903372934157 1.6343303549661472 2.2715686724887627 3.054795486136448 3.974739362945121 5.003863076575582 6.094981965631621 7.183063050033739 8.190627554999352 9.036389113659546 9.645903554997052 9.962335261183634 9.955191910095252
0.02520063764564893 0.025620638631224376 0.025287765160297012 0.029450929907782884 0.05339259446541975 0.09374632996570018 0.15941117471987865 0.26252730906282895 0.4187178248942862 0.6467845675319761 0.9675849086130482 1.4018765160309934 1.9670784135421724 2.6731591873198486 3.518189342191179 4.484405048601371 5.535816610185034 6.61835096178902 7.6631818192003 8.593294658995777 9.332575564265843 9.816000316211161 9.99905252685894 9.864484013813563 9.424995125742955 8.721257965223051 7.815708772421168 6.783422094024663 5.701912549171423 4.641768748377007 3.6596342687730754 2.794364842316894 2.0664255777790235 1.4799521245722018 1.0265185494889266 0.689568118541882 0.5090812556274855 0.7800803878737396 1.1565431964376747 1.6590313887145467 2.3025951930799278 3.0920807744468393 4.017485456400453 5.05042634821714 6.142879792177107 7.2291333791237475 8.231343101297947 9.06829035586692 9.666079797221128 9.968861927736054 9.947433207417367
0.04645293017096103 0.04722712790075704 0.04663427762231469 0.045846922829904574 0.04809821379266098 0.08493733746308782 0.14526452723046127 0.24060893146487217 0.3859714231740634 0.5996388954512845 0.9022267040617067 1.3147185670023087 1.8554153821983213 2.5359503512198636 3.3568472381168926 4.303419136665585 5.343021883633414 6.424679930434768 7.481820378001775 8.438287069759808 9.217062911420914 9.750391300329975 9.989477561870013 9.91185051908366 9.524845708046692 8.864462196092243 7.989839818067895 6.974530701186063 5.89634851620242 4.827725161539064 3.828187211410492 2.9399167697410977 2.1865939411039568 1.5750432456606496 1.0987732107122412 0.7423605406737476 0.518971934677812 0.7940961535517583 1.175635138966748 1.6840007103672523 2.333899915908993 3.12962593692546 4.060437989293194 5.097104979548445 6.190767876329791 7.27504540874813 8.271745092098877 9.09973662096209 9.685694094308415 9.974770691320568 9.939060600196404
0.08284338869722535 0.08422408014600931 0.08320605391138285 0.08187847114709357 0.08056989793206891 0.0792801004615226 0.1322367929564518 0.22029311400572188 0.3554191087028815 0.5553565037873023 0.840415761016222 1.2317079715019665 1.7482862954562342 2.403303349308716 3.1996013223437023 4.125479001546969 5.15162369002613 6.230244920986035 7.29721841416578 8.277530856580661 9.093592918224326 9.675233313028457 9.96962038301562 9.949174188473068 9.615827958647982 9.000726641090095 8.159427670434535 7.163628560656694 6.091127061435566 5.015953435602159 4.0003737677198075 3.0898605729501676 2.311364465060891 1.6745156814796585 1.1749009182050405 0.798370543364165 0.5290217768017662 0.808313322848807 1.1949677103747167 1.7092392196223236 2.3654826916675975 3.167429417138493 4.103593782091337 5.14389418705484 6.238640145166496 7.3207923881732935 8.311826936151556 9.130722401719192 9.704742856743172 9.980060448398834 9.930075649128975
0.1429373593346554 0.14531959396856667 0.14363473115766123 0.14147644087582395 0.139346824189873 0.1372455634618915 0.13517234356307867 0.2014846753418326 0.3269477220466743 0.5138139003982045 0.7820321722945973 1.1527486658032577 1.6456439362969755 2.2752459863540384 3.0465764269997626 3.9508181048197084 4.9619596757555895 6.035463992883584 7.109831912204536 8.111463924052027 8.962525121000661 9.590754369599743 9.93954234250895 9.976340083081606 9.697668626611582 9.129661427391763 8.324022425026033 7.350265869702374 6.285851151350725 5.2061463746389816 4.1759942652599396 3.2441031163730467 2.4407350852689653 1.7784345033888405 1.2550075668354246 0.8577210144114953 0.567723660359671 0.822733712247788 1.2145424362242023 1.7347477789442474 2.3973433166428353 3.2054895911760353 4.146949583135035 5.190789122375827 6.286490481583656 7.366367554984993 8.351582070110155 9.16124225829811 9.723222593762753 9.984730210669609 9.920480028077009
0.23860350081969417 0.24258013454282273 0.23989371709318336 0.23651211652696208 0.2331718965008402 0.22987265146147534 0.22661397829742455 0.2233954763477624 0.30044693534758077 0.47488861332723753 0.7269540689475891 1.0777385672960598 1.5474303651118242 2.1517907801775498 2.8978787310796514 3.7796502116061266 4.774349960766521 5.840743401207876 6.920113884224311 7.940531881834798 8.824237397165101 9.49720932601041 9.899336216340858 9.993264363473957 9.77012039950465 9.250893735889655 8.483180472041893 7.53398858372364 6.4801110230020464 5.397978779662123 4.354829303863471 3.4025329357662577 2.5746889926175087 1.8868546752140147 1.3391936014747308 0.9205333272214431 0.6128114971540859 0.8373591323310638 1.2343608214348962 1.760527212789147 2.4294815320322165 3.243804767244634 4.190502068685565 5.237784872924943 6.3343127254876785 7.411764136707271 8.391003960310226 9.191290819833384 9.74112991442356 9.988779105376484 9.910275523548046
0.3853461513918705 0.3917684398136178 0.38764407439203263 0.3825405970409542 0.37749412996829873 0.37250419144279323 0.36757030155214465 0.3626919822304117 0.35786875728477024 0.4384596004335007 0.675058241397587 1.0065703675305941 1.453577780866232 2.0329357256972407 2.753596224948414 3.6121693614563473 4.589096487939581 5.646476316615895 6.728512602189744 7.765186071022577 8.679124153931303 9.39487859824688 9.849125727497665 9.999894720773172 9.832963148277498 9.36406959380638 8.636466471041489 7.714340202435102 6.673485493848931 5.591108132536183 4.536639814341469 3.565019794617629 2.7131938795110417 1.9998201925870926 1.4275532173671 0.9869267093759294 0.6607980234874243 0.8521913872194684 1.2544243495668939 1.7865783068303378 2.4618970232666846 3.2823731852762124 4.234247842997377 5.284876462535423 6.382100675007932 7.456975352434685 8.430086104544582 9.220862786006922 9.758461528637902 9.992206375579743 9.899464034140914
0.6020996821718928 0.612134446509316 0.6060414009199786 0.5986273239709495 0.5912880042836108 0.5840229186784709 0.5768315444293509 0.5697133593138488 0.562667841663108 0.5556944704109079 0.626220723811861 0.9391323001152075 1.3640093806130162 1.9186650907211287 2.613799243870198 3.448549939944887 4.406482488664703 5.453041652278597 6.535469900559573 7.585881601849039 8.527594459480053 9.284066762370811 9.789064911647815 9.996210646024952 9.886005041430373 9.468855594238995 8.783455321351193 7.890863614432886 6.86554337251981 5.7851753963623676 4.721167223285002 3.731414317773524 2.8562012264238223 2.1173632276178616 1.5201735397298388 1.0570175760945066 0.711807379531362 0.8672322740033617 1.2747344820990392 1.812901807184545 2.4945894193420433 3.3211930165537193 4.278183438413496 5.3320588521316505 6.429848087732079 7.50199441447728 8.46882203383779 9.249952928603891 9.775214248181289 9.9950113803922 9.888047569956994
0.9101834358920482 0.9253528115842201 0.9166980450288515 0.9063384584542411 0.896071783367737 0.8858975178193039 0.8758151581188609 0.8658241989100588 0.8559241332434346 0.8461144526489505 0.8363946472079059 0.8753088805114495 1.2786402122985583 1.8089502369844208 2.478541063976307 3.2889468461898113 4.226772063455129 5.260803001504641 6.341419557772162 7.403075414503907 8.370070128942668 9.165101045060762 9.719337329848628 9.98222353589146 9.92908352057501 9.56494053096144 8.923734115831799 8.063102990060964 7.055844964768828 5.979805931585211 4.908133727463792 3.901547708379308 3.0036456355065786 2.239503284671027 1.617133786433313 1.1309188302893294 0.765963645111205 0.8824835821658007 1.295292657702448 1.8394984196390642 2.5275582921591604 3.3602623633538613 4.322305315484457 5.3793269404263775 6.477548681963464 7.546814530017764 8.507205314218593 9.278556093051135 9.791384987669804 9.997193595178933 9.876028251977374
1.331167221320022 1.353352832366127 1.34154481421756 1.327636394708883 1.3138367435010032 1.300145470349664 1.2865621803509666 1.2730864740322985 1.2597179474429239 1.2464561922442263 1.233300795799594 1.2202513412639384 1.207307407672828 1.7037504601010336 2.3478585539726757 3.133495751033402 4.050209875683272 5.0701076888302365 6.146785764267681 7.2172243744057205 8.206983777679707 9.038329715102954 9.6401551339046 9.957976633912338 9.962066130448086 9.65203693727846 9.056904065515758 8.230605711887922 7.243943668014254 6.174610526194103 5.097242680663287 4.0752315539011965 3.1554442180057314 2.3662463732880106 1.7185044179910576 1.2087391312878506 0.9271510432271799 0.9101834358920482 1.3161002915094213 1.866368808880185 2.560803155873308 3.399579258607238 4.366609863110988 5.426675564643659 6.525196138000227 7.591428902780356 8.54522954848959 9.30666719993749 9.806970765507032 9.99875261172083 9.863408311406152
1.8835600040687885 1.9149519501466306 1.8994984015574914 1.8815803017728618 1.863780969014461 1.8461002351015667 1.8285379238986132 1.811093851409561 1.7937678258724243 1.7765596478539396 1.7594691103443627 1.7424959988523667 1.7256400915000383 1.7089011591179506 2.2217728758316784 2.9823134402196723 3.877020955795094 4.88128593645657 5.9519816839021 7.028783412777662 8.038776854357977 8.904120386886358 9.551757991037073 9.923544807756656 9.984851197445662 9.729882518289209 9.182582382616712 8.392924331581149 7.429387647005617 6.369186537497624 5.288179095090833 4.2522577266124175 3.3114960422168087 2.4975842045237235 1.824346279461924 1.3696894952683112 1.355562387520399 1.331167221320022 1.337158774377947 1.8935135977231796 2.594323466253009 3.439141665576226 4.411093398710623 5.474099501267505 6.572784099435857 7.635830734710712 8.582888377993504 9.334281246515385 9.821968704800232 9.999688138341856 9.850190088980137
2.578513814760024 2.621488058457631 2.6021213615655885 2.580009079062547 2.5580157268670325 2.5361414721404802 2.5143864710244386 2.4927508687180326 2.4712347995562305 2.4498383870889056 2.428561744160655 2.407404972991368 2.386368165257527 2.3654514021742097 2.344654754577784 2.8354982365643844 3.70741061268542 4.694650147033499 5.757408114744258 6.838203722794081 7.865897666248733 8.762858247452204 9.454411875492582 9.87903416407152 9.997368351813922 9.79824146657817 9.300404109510481 8.549618541522424 7.611721582362675 6.563119142044068 5.48061025872427 4.432398383477737 3.4716816485962356 2.6334934171597024 1.953966863576604 1.935691534589135 1.9175354285000348 1.8835600040687885 1.7924382226230624 1.9149519501466306 2.621488058457631 3.4720106122762973 4.4489483287164315 5.515397744971643 6.615146556493746 7.676181961208854 8.617756314171563 9.360225578954148 9.836069275391278 10.0 9.836376034245294
3.415093690724336 3.4720106122762973 3.4488239949723805 3.422745267398298 3.3967721457235935 3.370905223914353 3.345145082863618 3.3194922904285162 3.293947401468875 3.2685109578872726 3.243183488670531 3.21796550993262 3.192857524958956 3.1678600242520885 3.142973485578728 3.118198374018144 3.5415644482965707 4.510494302928368 5.563452254360626 6.645931020917005 7.688799408989912 8.614944219041872 9.348407735614963 9.824581503700367 9.99957888974287 9.856905652099876 9.41002388148796 8.700257149153275 7.790488482972329 6.755982689355359 5.674186469177407 4.615406069859617 3.6358626384972093 2.7739348404023705 2.6691699524036556 2.6467019932900597 2.624352396118189 2.578513814760024 2.4537719579697965 2.2591345268298606 2.578513814760024 3.415093690724336 4.376016396389106 5.424983430087793 6.506703979653857 7.550345754095918 8.47648481046321 9.206782722788244 9.674825879029632 9.836069275391278 9.674825879029632
4.376016396389106 4.4489483287164315 4.422515694907776 4.393218370449691 4.363997456195083 4.334854014474515 4.305789094292523 4.276803731303837 4.247898947791574 4.219075752647362 4.190335141353403 4.16167809596645 4.133105585103714 4.104618563930657 4.076217974150682 4.047904743996703 4.019679788224581 4.329093481289068 5.370486573791301 6.452403882331598 7.507938212778781 8.46079306937795 9.234060045727032 9.760353621185441 9.991475972755374 9.905695677855963 9.511117611385897 8.84442004177558 7.96523155252758 6.947342154242007 5.8685418838223296 4.801013930898523 3.803881342774207 3.5541826254294158 3.5276876765960012 3.501295826376632 3.475007721371042 3.415093690724336 3.249880254342885 2.992094137681475 2.665178523108102 3.249880254342885 4.1643159945896855 5.16253670505896 6.191926400662322 7.185079474201354 8.066414308510229 8.76138228889075 9.206782722788244 9.360225578954148 9.206782722788244
5.424983430087793 5.515397744971643 5.486843867478473 5.455642089103172 5.424471477057084 5.39333352941597 5.362229733041693 5.331161563486681 5.300130484900473 5.269137949938317 5.238185399671874 5.207274263501964 5.1764059590734215 5.145581892192017 5.11480345674347 5.084072034614535 5.053388995616187 5.022755697408867 5.178867803514353 6.258052158625222 7.323771216592969 8.300831482099401 9.111705252903972 9.686546453574396 9.973084662954019 9.944461793871492 9.603384084610072 8.981700129366825 8.135496099853787 7.136754681582768 6.063295485045019 4.988936033791863 4.5701103592662164 4.540447383248607 4.510855306860898 4.481335258638307 4.45188835393847 4.376016396389106 4.1643159945896855 3.8339952551219048 3.415093690724336 2.992094137681475 3.8339952551219048 4.7530353741896985 5.700772100639426 6.615146556493746 7.426572389044386 8.066414308510229 8.47648481046321 8.617756314171563 8.47648481046321
6.506703979653857 6.615146556493746 6.586135924854727 6.554866022518505 6.523568680783949 6.492245714415538 6.460898931556413 6.4295301335655575 6.3981411148568075 6.366733662739438 6.335309557260617 6.3038705710494725 6.272418469163064 6.240955008933994 6.2094819398199395 6.178001003254928 6.14651393250242 6.115022452510312 6.083528279767729 6.063295485045025 7.136754681582768 8.135496099853793 8.981700129366825 9.603384084610072 9.944461793871492 9.973084662954019 9.686546453574396 9.111705252903972 8.300831482099396 7.323771216592969 6.258052158625215 5.674623750477607 5.643267049139301 5.611932295793456 5.580621053677611 5.549334875431848 5.5180753029909315 5.424983430087793 5.16253670505896 4.7530353741896985 4.2337196678843325 3.6485164400342542 3.415093690724336 4.2337196678843325 5.077906866771017 5.892376950158821 6.615146556493746 7.185079474201354 7.550345754095918 7.676181961208854 7.550345754095918
7.550345754095918 7.676181961208854 7.648805978814322 7.61967829214352 7.590456855880257 7.561143602363943 7.531740463910466 7.50224937260421 7.472672260091046 7.4430110573720585 7.413267694598295 7.383444100866315 7.3535422040148255 7.323563930422167 7.293511204804943 7.263385950017601 7.233190086853093 7.202925533844705 7.1725942070689 7.142198019949434 7.111738883062532 7.9652315525275865 8.84442004177558 9.511117611385897 9.905695677855963 9.991475972755374 9.760353621185441 9.234060045727032 8.460793069377944 7.507938212778781 6.804103184077224 6.773076692185529 6.742009886164585 6.710904622432831 6.679762751972493 6.64858612015556 6.617376566571167 6.506703979653857 6.191926400662322 5.700772100639426 5.077906866771017 4.376016396389106 3.6485164400342542 3.6485164400342542 4.376016396389106 5.077906866771017 5.700772100639426 6.191926400662322 6.506703979653857 6.615146556493746 6.506703979653857
8.47648481046321 8.617756314171563 8.594318964614281 8.569674363031377 8.544870024074733 8.519907745787293 8.494789333740812 8.469516600819363 8.444091367002592 8.418515459148557 8.392790710776394 8.366918961848633 8.340902058553425 8.31474185308648 8.288440203432984 8.261998973149339 8.23542003114485 8.208705251463448 8.181856513065316 8.154875699608683 8.12776469923156 8.100525404333736 8.700257149153275 9.41002388148796 9.856905652099876 9.99957888974287 9.824581503700367 9.348407735614963 8.614944219041869 7.878220764346375 7.849912572239512 7.821495196178287 7.7929705611153945 7.764340593669736 7.735607221912865 7.7067723751561426 7.677837983738391 7.550345754095918 7.185079474201354 6.615146556493746 5.892376950158821 5.077906866771017 4.2337196678843325 3.415093690724336 3.6485164400342542 4.2337196678843325 4.7530353741896985 5.16253670505896 5.424983430087793 5.515397744971643 5.424983430087793
9.206782722788244 9.360225578954148 9.342952887264353 9.32495772466712 9.306746271583858 9.288319931560103 9.269680122746703 9.250828277718062 9.231765843288892 9.212494280329311 9.193015063578526 9.173329681456961 9.153439635876996 9.13334644205223 9.113051628305426 9.092556735875071 9.071863318720613 9.05097294332648 9.029887188504773 9.008607645196832 8.98713591627356 8.965473616334663 8.943622371506736 9.300404109510481 9.79824146657817 9.997368351813922 9.87903416407152 9.454411875492582 8.808639523991644 8.785512121871678 8.762209174281333 8.738732401839847 8.715083534621579 8.691264311944364 8.667276482157128 8.64312180242693 8.618802038525331 8.47648481046321 8.066414308510229 7.426572389044386 6.615146556493746 5.700772100639426 4.7530353741896985 3.8339952551219048 2.992094137681475 3.415093690724336 3.8339952551219048 4.1643159945896855 4.376016396389106 4.4489483287164315 4.376016396389106
9.674825879029632 9.836069275391278 9.826790965799336 9.81712433709778 9.807202772594362 9.797027064709368 9.786598025598895 9.775916487046786 9.764983300354102 9.753799336226031 9.742365484656357 9.730682654809403 9.718751774899593 9.706573792068525 9.694149672259694 9.681480400090821 9.668566978723796 9.655410429732356 9.642011792967388 9.628372126420008 9.614492506082334 9.600374025806087 9.586017797158915 9.57142494927862 9.729882518289209 9.984851197445662 9.923544807756656 9.551757991037073 9.494952152291452 9.478964265924766 9.462748143560141 9.446305049394843 9.429636263790467 9.412743083106923 9.395626819534469 9.37828880092399 9.3607303706154 9.206782722788244 8.76138228889075 8.066414308510229 7.185079474201354 6.191926400662322 5.16253670505896 4.1643159945896855 3.249880254342885 2.665178523108102 2.992094137681475 3.249880254342885 3.415093690724336 3.4720106122762973 3.415093690724336
9.836069275391278 10.0 9.999865180960857 9.999460734749036 9.998786694079882 9.997843113474076 9.996630069250276 9.995147659514837 9.993396004148583 9.991375244790646 9.989085544819385 9.98652708933037 9.983700085111437 9.980604760614838 9.977241365926474 9.973610172732215 9.969711474281324 9.96554558534699 9.961112842183965 9.956413602483346 9.95144824532444 9.946217171123834 9.940720801581547 9.934959579624396 9.92893396934649 9.962066130448086 9.957976633912338 9.909275765710792 9.902197664197374 9.894857810064508 9.887256793003827 9.879395223379605 9.871273732147062 9.862892970767982 9.854253611123605 9.845356345424875 9.836201886119989 9.674825879029632 9.206782722788244 8.47648481046321 7.550345754095918 6.506703979653857 5.424983430087793 4.376016396389106 3.415093690724336 2.578513814760024 2.2591345268298606 2.4537719579697965 2.578513814760024 2.621488058457631 2.578513814760024
9.674825879029632 9.836201886119989 9.845356345424873 9.854253611123605 9.86289297076798 9.871273732147062 9.879395223379603 9.887256793003827 9.894857810064506 9.902197664197374 9.90927576571079 9.91609154566472 9.922644455946937 9.92893396934649 9.934959579624396 9.940720801581547 9.946217171123834 9.95144824532444 9.956413602483346 9.961112842183965 9.96554558534699 9.969711474281324 9.973610172732215 9.977241365926474 9.980604760614838 9.983700085111437 9.98652708933037 9.989085544819385 9.991375244790646 9.993396004148583 9.995147659514837 9.996630069250275 9.997843113474076 9.998786694079882 9.999460734749036 9.999865180960857 10.0 9.836069275391278 9.360225578954148 8.617756314171563 7.676181961208854 6.615146556493746 5.515397744971643 4.4489483287164315 3.4720106122762973 2.621488058457631 1.9149519501466306 1.8698423532345985 1.885447221615352 1.9149519501466306 1.9149519501466306
9.206782722788244 9.3607303706154 9.378288800923984 9.395626819534469 9.412743083106918 9.429636263790467 9.446305049394837 9.462748143560141 9.478964265924763 9.494952152291452 9.510710554791462 9.526238242046817 9.541533999330575 9.556596628725158 9.57142494927862 9.586017797158915 9.600374025806087 9.614492506082334 9.628372126420008 9.642011792967388 9.655410429732356 9.668566978723796 9.681480400090821 9.694149672259694 9.706573792068525 9.886005041430373 9.996210646024952 9.789064911647815 9.753799336226031 9.764983300354098 9.775916487046786 9.786598025598892 9.797027064709368 9.807202772594358 9.81712433709778 9.826790965799335 9.836069275391278 9.674825879029632 9.206782722788244 8.47648481046321 7.550345754095918 6.506703979653857 5.424983430087793 4.376016396389106 3.415093690724336 2.578513814760024 2.5463977242791502 2.5655819727237823 2.584857379608308 2.6042238308239183 2.621488058457631
8.47648481046321 8.618802038525331 8.643121802426924 8.667276482157128 8.691264311944359 8.715083534621579 8.738732401839842 8.762209174281333 8.785512121871673 8.808639523991644 8.831589669688109 8.854360857884283 8.876951397589115 8.899359608105971 8.92158381924034 8.943622371506736 8.965473616334663 8.98713591627356 9.008607645196832 9.029887188504773 9.05097294332648 9.071863318720613 9.092556735875071 9.113051628305426 9.36406959380638 9.832963148277498 9.999894720773172 9.849125727497665 9.394878598246876 9.231765843288889 9.250828277718062 9.269680122746696 9.288319931560103 9.306746271583854 9.32495772466712 9.34295288726435 9.360225578954148 9.206782722788244 8.76138228889075 8.066414308510229 7.185079474201354 6.191926400662322 5.16253670505896 4.1643159945896855 3.338021563635647 3.3605319881480407 3.3831243585937116 3.405798289770904 3.428553388823094 3.4513892552202186 3.4720106122762973
7.550345754095918 7.677837983738391 7.706772375156135 7.735607221912865 7.764340593669729 7.7929705611153945 7.8214951961782795 7.849912572239512 7.878220764346368 7.906417849426369 7.9345019065017866 7.962471016904761 7.9903232644927416 8.01805673586448 8.045669520576293 8.073159711358763 8.100525404333736 8.12776469923156 8.154875699608683 8.181856513065316 8.208705251463448 8.23542003114485 8.261998973149339 8.483180472041893 9.250893735889655 9.77012039950465 9.993264363473957 9.899336216340858 9.497209326010406 8.824237397165101 8.469516600819363 8.494789333740805 8.519907745787293 8.544870024074728 8.569674363031377 8.594318964614274 8.617756314171563 8.47648481046321 8.066414308510229 7.426572389044386 6.615146556493746 5.700772100639426 4.7530353741896985 4.272491574443821 4.2978413633254835 4.323252290485834 4.348723664930277 4.374254787830538 4.399844952536399 4.425493444588278 4.4489483287164315
6.506703979653857 6.617376566571167 6.648586120155552 6.679762751972493 6.710904622432823 6.742009886164585 6.773076692185521 6.804103184077224 6.835087500160704 6.866027773673606 6.896922132948797 6.927768701594541 6.958565598676016 6.9893109388983765 7.0200028327911 7.0506393868938 7.081218703943396 7.111738883062532 7.142198019949434 7.1725942070689 7.202925533844705 7.233190086853093 7.350265869702374 8.324022425026033 9.129661427391763 9.697668626611582 9.976340083081606 9.93954234250895 9.59075436959974 8.962525121000661 8.111463924052023 7.531740463910458 7.561143602363943 7.59045685588025 7.61967829214352 7.648805978814314 7.676181961208854 7.550345754095918 7.185079474201354 6.615146556493746 5.892376950158821 5.272364644054095 5.299487149169622 5.326639193046069 5.353819802880601 5.381027999122336 5.408262795518997 5.435523199164519 5.462808210547601 5.49011682360113 5.515397744971643
