4.179872889530466E-4 8.2314878929404E-4 0.0015683275447739733 0.002890935179775456 0.0051556460682933725 0.008895512922090702 0.014849165639252628 0.023981495706512746 0.03747085806032667 0.05664403311449465 0.08284338869722535 0.11722080520949421 0.16047031416947444 0.21253372944202237 0.27233545227473793 0.3376164945896947 0.40493590759373077 0.4698855396129376 0.5275225491527574 0.5729716503975442 0.6020996821718928 0.612134446509316 0.6020996821718928 0.5729716503975442 0.5275225491527574 0.4698855396129376 0.5055716628757722 0.7436643356761623 1.0650596871033933 1.4851615648971508 2.016397814985475 2.665178523108102 3.415093690724336 4.2337196678843325 5.077906866771017 5.892376950158821 6.615146556493746 7.185079474201354 7.550345754095918 7.676181961208854 7.550345754095918 7.185079474201354 6.615146556493746 5.892376950158821 5.077906866771017 4.2337196678843325 3.415093690724336 2.665178523108102 2.0123019345856896 1.4699519616297285 1.0388582598959775 0.7103176560036684 0.4698855396129376 0.300728583066823 0.18620892529252323 0.11154996458317065 0.0646519364716206 0.036252402727149455 0.019666868409565528 0.010322307335915723 0.005241571530196729 0.002575072172964978 0.0012239409129194089 0.0010547624530484136 8.794112731052505E-4 7.09369567644141E-4 5.536001960258501E-4 4.179872889530466E-4 3.053325272776834E-4 2.1578747214681817E-4 1.4754433528365378E-4
6.318639887769836E-4 0.0012443394598506627 0.0023708129991986803 0.004370175558601305 0.007793698936620432 0.013447189485709044 0.02244722095336795 0.036252402727149455 0.05664403311449465 0.0856277825906822 0.12523288484954634 0.17720061711168703 0.24258013454282273 0.3212834781920123 0.41168468445706685 0.5103688810314776 0.612134446509316 0.7103176560036684 0.7974465034866327 0.866151105654776 0.9101834358920482 0.9253528115842201 0.9101834358920482 0.866151105654776 0.7974465034866327 0.7103176560036684 0.612328959381878 0.8890411038126154 1.256786895999028 1.7298331249750996 2.3181927153997126 3.0248067007285173 3.84280615990293 4.7530353741896985 5.700772100639426 6.615146556493746 7.426572389044386 8.066414308510229 8.47648481046321 8.617756314171563 8.47648481046321 8.066414308510229 7.426572389044386 6.615146556493746 5.700772100639426 4.7530353741896985 3.8339952551219048 2.992094137681475 2.2591345268298606 1.6502589259711273 1.1662864916425162 0.7974465034866327 0.5275225491527574 0.3376164945896947 0.20904964861489975 0.12523288484954634 0.07258225984835635 0.040699187966693695 0.022079242033734195 0.011588460209833059 0.005884512167481393 0.002890935179775456 0.002575072172964978 0.002219134447801645 0.0018502098214557765 0.0014924558977537023 0.0011647298040996163 8.794112731052505E-4 6.423948135032289E-4 4.539992976248479E-4 3.104212859110208E-4
9.241177075125354E-4 0.0018198791977848386 0.003467376385859652 0.006391496730900683 0.011398489741903339 0.019666868409565528 0.03282965121592855 0.05302009276534178 0.08284338869722535 0.12523288484954634 0.18315638888734193 0.25916056455759806 0.35477982889276144 0.4698855396129376 0.6020996821718928 0.7464279159783126 0.8952627328747844 1.0388582598959775 1.1662864916425162 1.2667687798863465 1.331167221320022 1.353352832366127 1.331167221320022 1.2667687798863465 1.1662864916425162 1.0388582598959775 0.8952627328747844 1.056105057341856 1.473634350518698 2.0020508900876894 2.648276037625348 3.4107834841463065 4.277084336980208 5.222088631402611 6.207881601696154 7.185079474201354 8.066414308510229 8.76138228889075 9.206782722788244 9.360225578954148 9.206782722788244 8.76138228889075 8.066414308510229 7.185079474201354 6.191926400662322 5.16253670505896 4.1643159945896855 3.249880254342885 2.4537719579697965 1.7924382226230624 1.2667687798863465 0.866151105654776 0.5729716503975442 0.3667040971370382 0.22706047802938678 0.13602241805878101 0.078835638934656 0.04420565705972049 0.023981495706512746 0.012586872698917709 0.006391496730900683 0.005884512167481393 0.005241571530196729 0.004517058615053477 0.0037661108014174676 0.0030379010055988816 0.0023708129991986803 0.0017900457862255127 0.0013075976669529817 9.241177075125354E-4 6.318639887769836E-4
0.0013075976669529817 0.002575072172964978 0.004906229191086523 0.009043768067337896 0.016128506652490635 0.02782800398646236 0.04645293017096103 0.07502177378269904 0.11722080520949421 0.17720061711168703 0.25916056455759806 0.3667040971370382 0.5020023669829546 0.6648733492908294 0.8519522278177128 1.0561721667567776 1.2667687798863465 1.4699519616297285 1.6502589259711273 1.7924382226230624 1.8835600040687885 1.9149519501466306 1.8835600040687885 1.7924382226230624 1.6502589259711273 1.4699519616297285 1.2667687798863465 1.2466162955063356 1.7169522787274247 2.3024298732883604 3.006196470465479 3.8216514206779033 4.730287584937676 5.700681541399062 6.6891167819814985 7.642114456112248 8.500824684127215 9.206782722788244 9.674825879029632 9.836069275391278 9.674825879029632 9.206782722788244 8.47648481046321 7.550345754095918 6.506703979653857 5.424983430087793 4.376016396389106 3.415093690724336 2.578513814760024 1.8835600040687885 1.331167221320022 0.9101834358920482 0.6020996821718928 0.3853461513918705 0.23860350081969417 0.1429373593346554 0.08284338869722535 0.04645293017096103 0.02520063764564893 0.013226748734074733 0.012586872698917709 0.011588460209833059 0.010322307335915723 0.008895512922090702 0.0074166598565686 0.005982585118837845 0.004668878459967209 0.0035251646656603293 0.002575072172964978 0.0018198791977848386 0.0012443394598506627
0.0017900457862255127 0.0035251646656603293 0.006716419822181294 0.012380535182708563 0.022079242033734195 0.03809535802485094 0.0635920925923056 0.1027016286651976 0.16047031416947444 0.24258013454282273 0.35477982889276144 0.5020023669829546 0.6872199640635962 0.9101834358920482 1.1662864916425162 1.4458549326087309 1.7341527702795472 2.0123019345856896 2.2591345268298606 2.4537719579697965 2.578513814760024 2.621488058457631 2.578513814760024 2.4537719579697965 2.2591345268298606 2.0123019345856896 1.7341527702795472 1.4621733780180648 1.9877744682087228 2.631104551194348 3.39087566615053 4.254890497750249 5.198375795432886 6.183718600009881 7.162003459501164 8.076479534640956 8.8677293476477 9.479938594313666 9.867369265410183 10.0 9.836069275391278 9.360225578954148 8.617756314171563 7.676181961208854 6.615146556493746 5.515397744971643 4.4489483287164315 3.4720106122762973 2.621488058457631 1.9149519501466306 1.353352832366127 0.9253528115842201 0.612134446509316 0.3917684398136178 0.24258013454282273 0.14531959396856667 0.08422408014600931 0.04722712790075704 0.025620638631224376 0.02520063764564893 0.023981495706512746 0.022079242033734195 0.019666868409565528 0.016948427941651474 0.014130801253138831 0.011398489741903339 0.008895512922090702 0.006716419822181294 0.004906229191086523 0.003467376385859652 0.0023708129991986803
0.0023708129991986803 0.004668878459967209 0.008895512922090702 0.016397308925875858 0.02924269000761537 0.05045511724305457 0.08422408014600931 0.13602241805878101 0.21253372944202237 0.3212834781920123 0.4698855396129376 0.6648733492908294 0.9101834358920482 1.2054857691759224 1.5446795810772347 1.9149519501466306 2.29678590459093 2.665178523108102 2.992094137681475 3.249880254342885 3.415093690724336 3.4720106122762973 3.415093690724336 3.249880254342885 2.992094137681475 2.665178523108102 2.29678590459093 1.9149519501466306 2.2867378861974936 2.9876532793790256 3.800552764404877 4.707237373428112 5.676598708859029 6.66519793536414 7.619749081812117 8.481468462259885 9.191876802152887 9.699293481148437 9.965033614553523 9.968279295953153 9.708773952252347 9.206855850530284 8.47648481046321 7.550345754095918 6.506703979653857 5.424983430087793 4.376016396389106 3.415093690724336 2.578513814760024 1.8835600040687885 1.331167221320022 0.9101834358920482 0.6020996821718928 0.3853461513918705 0.23860350081969417 0.1429373593346554 0.08284338869722535 0.04645293017096103 0.04722712790075704 0.04645293017096103 0.04420565705972049 0.040699187966693695 0.036252402727149455 0.03124143725057824 0.02604763947253228 0.02101110517441499 0.016397308925875858 0.012380535182708563 0.009043768067337896 0.006391496730900683 0.004370175558601305
0.0030379010055988816 0.005982585118837845 0.011398489741903339 0.02101110517441499 0.03747085806032667 0.0646519364716206 0.10792264841540984 0.1742957545552638 0.27233545227473793 0.41168468445706685 0.6020996821718928 0.8519522278177128 1.1662864916425162 1.5446795810772347 1.979314123158873 2.4537719579697965 2.9430445216727112 3.415093690724336 3.8339952551219048 4.1643159945896855 4.376016396389106 4.4489483287164315 4.376016396389106 4.1643159945896855 3.8339952551219048 3.415093690724336 2.9430445216727112 2.4537719579697965 2.614002879869738 3.3710304935543163 4.232744582550369 5.174688432937009 6.159551799515203 7.13866134404268 8.055401834591024 8.85034909906787 9.46752271562904 9.86086633851227 9.999920572513325 9.873719629965406 9.492219964972254 8.885002583061683 8.097483752343228 7.185307755855974 6.191926400662322 5.16253670505896 4.1643159945896855 3.249880254342885 2.4537719579697965 1.7924382226230624 1.2667687798863465 0.866151105654776 0.5729716503975442 0.3667040971370382 0.22706047802938678 0.13602241805878101 0.078835638934656 0.08284338869722535 0.08422408014600931 0.08284338869722535 0.078835638934656 0.07258225984835635 0.0646519364716206 0.05571546337517273 0.04645293017096103 0.03747085806032667 0.02924269000761537 0.022079242033734195 0.016128506652490635 0.011398489741903339 0.007793698936620432
0.0037661108014174676 0.0074166598565686 0.014130801253138831 0.02604763947253228 0.04645293017096103 0.08014953608744282 0.13379259270324034 0.2160758769499085 0.3376164945896947 0.5103688810314776 0.7464279159783126 1.0561721667567776 1.4458549326087309 1.9149519501466306 2.4537719579697965 3.0419612285238298 3.6485164400342542 4.2337196678843325 4.7530353741896985 5.16253670505896 5.424983430087793 5.515397744971643 5.424983430087793 5.16253670505896 4.7530353741896985 4.2337196678843325 3.6485164400342542 3.0419612285238298 2.9691773012661544 3.779510549932149 4.684225071129326 5.652527821241198 6.641259116450104 7.597328473126478 8.462021889126959 9.176776344470817 9.689668340546843 9.961630742606912 9.971367632472827 9.718109311102912 9.221712815469722 8.520089732865545 7.6644237222935345 6.713014823343179 5.724775602781804 4.753375157172075 3.8339952551219048 2.992094137681475 2.2591345268298606 1.6502589259711273 1.1662864916425162 0.7974465034866327 0.5275225491527574 0.3376164945896947 0.20904964861489975 0.12523288484954634 0.13602241805878101 0.1429373593346554 0.14531959396856667 0.1429373593346554 0.13602241805878101 0.12523288484954634 0.11154996458317065 0.09613104116322324 0.08014953608744282 0.0646519364716206 0.05045511724305457 0.03809535802485094 0.02782800398646236 0.019666868409565528 0.013447189485709044
0.004517058615053477 0.008895512922090702 0.016948427941651474 0.03124143725057824 0.05571546337517273 0.09613104116322324 0.16047031416947444 0.25916056455759806 0.40493590759373077 0.612134446509316 0.8952627328747844 1.2667687798863465 1.7341527702795472 2.29678590459093 2.9430445216727112 3.6485164400342542 4.376016396389106 5.077906866771017 5.700772100639426 6.191926400662322 6.506703979653857 6.615146556493746 6.506703979653857 6.191926400662322 5.700772100639426 5.077906866771017 4.376016396389106 3.6485164400342542 3.3512482283774814 4.210647043708821 5.15102717869384 6.135381981358275 7.115282273129818 8.034251512747979 8.832862598706429 9.454972899288514 9.854211156350921 9.999682293838513 9.879917132171537 9.504366262905538 8.902168047541297 8.118413628404891 7.208573368445986 6.23204002055069 5.245826301949926 4.299325643259191 3.430753680987195 2.6655172474666795 2.0123019345856896 1.4699519616297285 1.0388582598959775 0.7103176560036684 0.4698855396129376 0.300728583066823 0.18620892529252323 0.20904964861489975 0.22706047802938678 0.23860350081969417 0.24258013454282273 0.23860350081969417 0.22706047802938678 0.20904964861489975 0.18620892529252323 0.16047031416947444 0.13379259270324034 0.10792264841540984 0.08422408014600931 0.0635920925923056 0.04645293017096103 0.03282965121592855 0.02258118938221744
0.005241571530196729 0.010322307335915723 0.019666868409565528 0.036252402727149455 0.0646519364716206 0.11154996458317065 0.18620892529252323 0.300728583066823 0.4698855396129376 0.7103176560036684 1.0388582598959775 1.4699519616297285 2.0123019345856896 2.665178523108102 3.415093690724336 4.2337196678843325 5.077906866771017 5.892376950158821 6.615146556493746 7.185079474201354 7.550345754095918 7.676181961208854 7.550345754095918 7.185079474201354 6.615146556493746 5.892376950158821 5.077906866771017 4.2337196678843325 3.758525131441675 4.661251222048034 5.62846959102624 6.617301156163427 7.574853503853095 8.442485789014832 9.16155515629643 9.67989897965838 9.958070841884679 9.974298477230183 9.727299121434074 9.23644702756747 8.539262789092314 7.686676006742856 6.736891224500936 5.748880173359284 4.776499537179141 3.864016618562307 3.043483792089102 2.3340263951040887 1.7427829200555258 1.2670203465121819 0.8952627328747844 0.612134446509316 0.40493590759373077 0.25916056455759806 0.300728583066823 0.3376164945896947 0.3667040971370382 0.3853461513918705 0.3917684398136178 0.3853461513918705 0.3667040971370382 0.3376164945896947 0.300728583066823 0.25916056455759806 0.2160758769499085 0.1742957545552638 0.13602241805878101 0.1027016286651976 0.07502177378269904 0.05316049676884344 0.037125620623889716
0.005884512167481393 0.011588460209833059 0.022079242033734195 0.040699187966693695 0.07258225984835635 0.12523288484954634 0.20904964861489975 0.3376164945896947 0.5275225491527574 0.7974465034866327 1.1662864916425162 1.6502589259711273 2.2591345268298606 2.992094137681475 3.8339952551219048 4.7530353741896985 5.700772100639426 6.615146556493746 7.426572389044386 8.066414308510229 8.47648481046321 8.617756314171563 8.47648481046321 8.066414308510229 7.426572389044386 6.615146556493746 5.701390020276863 4.78210188601934 4.188598328896566 5.127392663343388 6.111209923769789 7.0918671093485575 8.013029430870066 8.815270611507875 9.442289721289459 9.84740403305406 9.999285175330911 9.885961479118643 9.516376929128363 8.919224986988947 8.13926830485254 7.231799431649991 6.256193069711663 5.269588164083078 4.321613954958172 3.450785985574516 2.6828280850910184 2.030815290687276 1.4967551716554692 1.0740731800598817 0.7504465047742728 0.5105148368203444 0.3376164945896947 0.40493590759373077 0.4698855396129376 0.5275225491527574 0.5729716503975442 0.6020996821718928 0.612134446509316 0.6020996821718928 0.5729716503975442 0.5275225491527574 0.4698855396129376 0.40493590759373077 0.3376164945896947 0.27233545227473793 0.21253372944202237 0.16047031416947444 0.11729833219424168 0.08422408014600931 0.05976022895005939
0.006391496730900683 0.012586872698917709 0.023981495706512746 0.04420565705972049 0.078835638934656 0.13602241805878101 0.22706047802938678 0.3667040971370382 0.5729716503975442 0.866151105654776 1.2667687798863465 1.7924382226230624 2.4537719579697965 3.249880254342885 4.1643159945896855 5.16253670505896 6.191926400662322 7.185079474201354 8.066414308510229 8.76138228889075 9.206782722788244 9.360225578954148 9.206782722788244 8.76138228889075 8.066414308510229 7.20457499739228 6.281321266397756 5.347051358322639 4.63831636569911 5.604424727066119 6.5933248833477816 7.552325047798526 8.422860988575033 9.146213921070352 9.669985854114092 9.954354081583748 9.977071690805126 9.73634295350337 9.251057822199549 8.558343035963516 7.708870436023244 6.76074514856332 5.772994529945789 4.799660167553872 3.8852824284663408 3.062227562171028 2.3499308914674764 1.7558017671639612 1.2773168323559636 0.9047415818802986 0.6239549417155508 0.4189716802915689 0.5103688810314776 0.612134446509316 0.7103176560036684 0.7974465034866327 0.866151105654776 0.9101834358920482 0.9253528115842201 0.9101834358920482 0.866151105654776 0.7974465034866327 0.7103176560036684 0.612134446509316 0.5103688810314776 0.41168468445706685 0.3212834781920123 0.24258013454282273 0.17908508590131905 0.1306457069559736 0.09418080620484079
0.006716419822181294 0.013226748734074733 0.02520063764564893 0.04645293017096103 0.08284338869722535 0.1429373593346554 0.23860350081969417 0.3853461513918705 0.6020996821718928 0.9101834358920482 1.331167221320022 1.8835600040687885 2.578513814760024 3.415093690724336 4.376016396389106 5.424983430087793 6.506703979653857 7.550345754095918 8.47648481046321 9.206782722788244 9.674825879029632 9.836069275391278 9.674825879029632 9.213021648295184 8.551230023454227 7.7495376960075575 6.85715095830793 5.924235780068306 5.103785513365708 6.0870364020270795 7.068416714170315 7.991736451861388 8.797573905921398 9.429473763212426 9.840445289773598 9.998729235915091 9.891852385016334 9.528251410412553 8.936172651033024 8.160046925090338 7.254985078938661 6.280339959517807 5.2933735707371765 4.343948805805366 3.4708801222560033 2.700208450920243 2.0453033619461407 1.508415319295406 1.0831457467863712 0.7572784969129449 0.5154981530879614 0.6020996821718928 0.7464279159783126 0.8952627328747844 1.0388582598959775 1.1662864916425162 1.2667687798863465 1.331167221320022 1.353352832366127 1.331167221320022 1.2667687798863465 1.1662864916425162 1.0388582598959775 0.8952627328747844 0.7464279159783126 0.6020996821718928 0.4698855396129376 0.3568972088732496 0.26769399118791704 0.19841094744370286 0.14531959396856667
0.006828357582825298 0.013447189485709044 0.025620638631224376 0.04722712790075704 0.08422408014600931 0.14531959396856667 0.24258013454282273 0.3917684398136178 0.612134446509316 0.9253528115842201 1.353352832366127 1.9149519501466306 2.621488058457631 3.4720106122762973 4.4489483287164315 5.515397744971643 6.615146556493746 7.676181961208854 8.617756314171563 9.360225578954148 9.836069275391278 10.0 9.881215126099134 9.53325956979249 8.980348500388688 8.259726600660883 7.417522339186553 6.503883638255324 5.580393934554553 6.56933112472143 7.5297439787226494 8.403148316766309 9.130753326810419 9.659929425929823 9.950480638313216 9.979687141250865 9.745240384125399 9.265544539571643 8.577329659231374 7.731006136929988 6.784575756742029 5.79711794584902 4.822856486452308 3.9066032167509417 3.081037824286014 2.365906180026674 1.768889766964329 1.2876765373317185 0.9126737456220606 0.62983544093633 0.6648733492908294 0.8519522278177128 1.0561721667567776 1.2667687798863465 1.4699519616297285 1.6502589259711273 1.7924382226230624 1.8835600040687885 1.9149519501466306 1.8835600040687885 1.7924382226230624 1.6502589259711273 1.4699519616297285 1.2667687798863465 1.0561721667567776 0.8519522278177128 0.666634019165081 0.5140941848509928 0.3917684398136178 0.2950174735186345 0.21953186586666523
0.006716419822181294 0.013226748734074733 0.02520063764564893 0.04645293017096103 0.08284338869722535 0.1429373593346554 0.23860350081969417 0.3853461513918705 0.6020996821718928 0.9101834358920482 1.331167221320022 1.8835600040687885 2.578513814760024 3.415093690724336 4.376016396389106 5.424983430087793 6.506703979653857 7.550345754095918 8.47648481046321 9.206782722788244 9.691618347799322 9.954311438287979 9.982673204652654 9.774694507155742 9.345020125830215 8.723243550298143 7.95053701839874 7.075149793646059 6.147457333279273 7.044931947900988 7.9703734397141 8.779773253845107 9.416525612176738 9.833335254660154 9.998014502083354 9.89758957121628 9.539989159329355 8.953010293082777 8.18074863395802 7.278129442926806 6.304479897547818 5.317181870796926 4.366329724891899 3.4910358108167756 2.7176582414061805 2.0598620704584087 1.520142154293336 1.0922775968111762 0.7641605476299412 0.6872199640635962 0.9101834358920482 1.1662864916425162 1.4458549326087309 1.7341527702795472 2.0123019345856896 2.2591345268298606 2.4537719579697965 2.578513814760024 2.621488058457631 2.578513814760024 2.4537719579697965 2.2591345268298606 2.0123019345856896 1.7341527702795472 1.4458549326087309 1.1670578451141718 0.9253528115842201 0.7250264526270669 0.5613476283413374 0.4294785407878851 0.3247002196071712
0.006391496730900683 0.012586872698917709 0.023981495706512746 0.04420565705972049 0.078835638934656 0.13602241805878101 0.22706047802938678 0.3667040971370382 0.5729716503975442 0.866151105654776 1.2667687798863465 1.7924382226230624 2.4537719579697965 3.249880254342885 4.1643159945896855 5.16253670505896 6.191926400662322 7.185079474201354 8.068381699966082 8.822368906639518 9.418997919626287 9.818494409418342 9.993228144093099 9.930872741330427 9.635843548231378 9.12878066113449 8.44416116623411 7.626424305596946 6.725214235219008 7.5071111702834 8.383348604796627 9.11517406606033 9.64973016347035 9.94645069608035 9.982144704104387 9.753990996704848 9.279906524768688 8.596221847301962 7.75308223654685 6.808382208398612 5.821249690901642 4.846087927605778 3.927978605875687 3.0999143874189974 2.3819522327668583 1.782047017563865 1.2980996437079866 0.9206608278941373 0.6648733492908294 0.9101834358920482 1.2054857691759224 1.5446795810772347 1.9149519501466306 2.29678590459093 2.665178523108102 2.992094137681475 3.249880254342885 3.415093690724336 3.4720106122762973 3.415093690724336 3.249880254342885 2.992094137681475 2.665178523108102 2.29678590459093 1.9149519501466306 1.5611067273703378 1.2575893362878534 1.001098092150447 0.7874916509461134 0.612134446509316 0.47019631046114596
0.005884512167481393 0.011588460209833059 0.022079242033734195 0.040699187966693695 0.07258225984835635 0.12523288484954634 0.20904964861489975 0.3376164945896947 0.5275225491527574 0.7974465034866327 1.1662864916425162 1.6502589259711273 2.2591345268298606 2.992094137681475 3.8339952551219048 4.7530353741896985 5.700772100639426 6.636871156233688 7.543392941748529 8.37125910994143 9.070590214175867 9.596238179173746 9.912591273084681 9.997561603393327 9.845135267900991 9.466076180516422 8.88666915516782 8.145706122751461 7.2901954609538855 7.948941259450736 8.76186943057011 9.403445860795687 9.826074262837277 9.997141007893617 9.903172766234173 9.55158963429149 8.96973717038298 8.201372577788991 7.301231655425794 6.3286120886601775 5.3410124091198155 4.388756236677828 3.511252766470646 2.735177349011421 2.074491454839295 1.5319358210751157 1.1014689385936651 0.7710928922090035 0.8519522278177128 1.1662864916425162 1.5446795810772347 1.979314123158873 2.4537719579697965 2.9430445216727112 3.415093690724336 3.8339952551219048 4.1643159945896855 4.376016396389106 4.4489483287164315 4.376016396389106 4.1643159945896855 3.8339952551219048 3.415093690724336 2.9430445216727112 2.4684164422312143 2.0444873561203107 1.6733314138825408 1.353352832366127 1.081612368472297 0.8542083065482265 0.6648733492908294
0.005241571530196729 0.010322307335915723 0.019666868409565528 0.036252402727149455 0.0646519364716206 0.11154996458317065 0.18620892529252323 0.300728583066823 0.4698855396129376 0.7103176560036684 1.0388582598959775 1.4699519616297285 2.0123019345856896 2.665178523108102 3.415093690724336 4.237851581456916 5.127822037578632 6.0581616193948555 6.9882667647545365 7.870798676094402 8.655433853887825 9.293506107810712 9.74296280665328 9.972940078772195 9.967266805052354 9.72634492169162 9.267102333637727 8.621026100798247 7.830593329891676 8.363462686065192 9.099476835838027 9.63938854141303 9.942264446276027 9.984444262396325 9.762594381268967 9.294143127804178 8.615018791292698 7.77509786230246 6.8321636610914185 5.845389031493284 4.869353920335582 3.9494082136222 3.1188570562137907 2.398069018099152 1.7952736144878423 1.3085863321964266 0.9287030544382058 0.7464279159783126 1.0561721667567776 1.4458549326087309 1.9149519501466306 2.4537719579697965 3.0419612285238298 3.6485164400342542 4.2337196678843325 4.7530353741896985 5.16253670505896 5.424983430087793 5.515397744971643 5.424983430087793 5.16253670505896 4.7530353741896985 4.2337196678843325 3.658178179354282 3.1152334749437216 2.621488058457631 2.179900661993978 1.7912535311773579 1.4544840147596247 1.1662864916425162 0.9101834358920482
0.004517058615053477 0.008895512922090702 0.016948427941651474 0.03124143725057824 0.05571546337517273 0.09613104116322324 0.16047031416947444 0.25916056455759806 0.40493590759373077 0.612134446509316 0.8952627328747844 1.2667687798863465 1.7341527702795472 2.296848140521627 2.9587164147035523 3.7213036525578542 4.569909359971501 5.4794979961958905 6.414970559947408 7.33279040838555 8.183980484080966 8.918269813015756 9.488932093248607 9.857681430476013 9.998916194760863 9.90265814522849 9.57571814163159 9.04089927439879 8.334366918963475 8.743863214724461 9.39023510713136 9.818662656375123 9.996108794966718 9.908601705771156 9.56305229959476 8.986352544068394 8.221917904468414 7.324290847496271 6.352735735033295 5.36486452655975 4.4112278609985704 3.5315306998517175 2.752765662190442 2.089191550598443 1.5437964619909705 1.1107199795019345 0.7780757656625303 0.8952627328747844 1.2667687798863465 1.7341527702795472 2.29678590459093 2.9430445216727112 3.6485164400342542 4.376016396389106 5.077906866771017 5.700772100639426 6.191926400662322 6.506703979653857 6.615146556493746 6.506703979653857 6.191926400662322 5.700772100639426 5.081265270661052 4.4489483287164315 3.8492346995099425 3.290962694604262 2.780373004531941 2.321211447933931 1.9149519501466306 1.5446795810772347 1.2054857691759224
0.0037661108014174676 0.0074166598565686 0.014130801253138831 0.02604763947253228 0.04645293017096103 0.08014953608744282 0.13379259270324034 0.2160758769499085 0.3376164945896947 0.5103688810314776 0.7464279159783126 1.0561721667567776 1.4490318155849167 1.9402314791542241 2.5365876921763992 3.2379260386902637 4.035568066072586 4.910923152746657 5.835019460024685 6.769275479821172 7.6676587610339775 8.480160549814444 9.157271302975122 9.654922608931969 9.939218125162464 9.990249980460222 9.804403995697655 9.39478293257833 8.789678921791872 9.083662337583823 9.62890504071099 9.93792208765959 9.98658570666024 9.771050134499598 9.308253703669099 8.633719685089785 7.797052142026814 6.855919270622929 5.8695352306028905 4.8926538895681135 3.9708916530929033 3.1378656309589052 2.4142565008384587 1.8085696506542241 1.3191367819277162 0.9368006503302106 0.7103176560036684 1.0388582598959775 1.4699519616297285 2.0123019345856896 2.665178523108102 3.415093690724336 4.2337196678843325 5.077906866771017 5.892376950158821 6.615146556493746 7.185079474201354 7.550345754095918 7.676181961208854 7.550345754095918 7.185079474201354 6.615146556493746 5.955040391405882 5.2973844151470555 4.656609332892231 4.04491738390883 3.4720106122762973 2.9449909796187628 2.4537719579697965 1.979314123158873 1.5446795810772347
0.0030379010055988816 0.005982585118837845 0.011398489741903339 0.02101110517441499 0.03747085806032667 0.0646519364716206 0.10792264841540984 0.1742957545552638 0.27233545227473793 0.41168468445706685 0.6023607764278986 0.8586499857557086 1.195078294747806 1.624042010923878 2.1548590554122713 2.7916514127566865 3.5312154483819307 4.361219574113141 5.2591117421428475 6.192094183084526 7.118416865944779 7.990059076494723 8.756635501907397 9.370122388366756 9.789803247845994 9.986731476785128 9.947031445957574 9.673515193415025 9.185353066074134 9.376893954649109 9.811100784263596 9.994917912483102 9.913876132734657 9.574376625459294 9.002855679218024 8.24238376349135 7.347306149501068 6.376850036206059 5.388737559991048 4.433744113071753 3.5518693170062905 2.770423065370873 2.103962390115635 1.5557242172902583 1.1200309257904228 0.785109402714101 0.7974465034866327 1.1662864916425162 1.6502589259711273 2.2591345268298606 2.992094137681475 3.8339952551219048 4.7530353741896985 5.700772100639426 6.615146556493746 7.426572389044386 8.066414308510229 8.47648481046321 8.617756314171563 8.47648481046321 8.066414308510229 7.470895302636413 6.83296467972947 6.175572692384898 5.515397744971643 4.867522559599717 4.244931100382301 3.6485164400342542 3.0419612285238298 2.4537719579697965 1.9149519501466306
0.0023708129991986803 0.004668878459967209 0.008895512922090702 0.016397308925875858 0.02924269000761537 0.05045511724305457 0.08422408014600931 0.13602241805878101 0.21253372944202237 0.3225395464472957 0.47791099246352586 0.6914038250675764 0.9766461556476818 1.346987051720661 1.8138873250114562 2.3849424306636995 3.061725162259293 3.837737056250604 4.69683103283348 5.612487246227121 6.548268920246186 7.459648343285432 8.297187648777083 9.01081718431491 9.554724167847365 9.892198866653516 9.999729037677326 9.86970869569329 9.511327728514265 9.618280148555858 9.933423826343109 9.988568934941298 9.77935785976468 9.322237612380626 8.652323725405516 7.818944204007917 6.8796481910873375 5.893687547831519 4.9159872558503634 3.9924285327101567 3.156939907573652 2.430514642181343 1.8219352163484281 1.3297511704273155 0.9590508245430386 0.8545940463941358 0.866151105654776 1.2667687798863465 1.7924382226230624 2.4537719579697965 3.249880254342885 4.1643159945896855 5.16253670505896 6.191926400662322 7.185079474201354 8.066414308510229 8.76138228889075 9.206782722788244 9.360225578954148 9.206782722788244 8.78458355251383 8.260711425579313 7.676181961208854 7.048628274348209 6.3958090775294005 5.7347951756177595 5.077906866771017 4.376016396389106 3.6485164400342542 2.9430445216727112 2.29678590459093
0.0017900457862255127 0.0035251646656603293 0.006716419822181294 0.012380535182708563 0.022079242033734195 0.03809535802485094 0.0635920925923056 0.10283807960986531 0.16221905395616135 0.24984489472831012 0.37571609851541754 0.5516578941736925 0.7908617650273014 1.1070112415189073 1.5129486617911567 2.0189104735970966 2.6304535645095055 3.3463004140466635 4.156424764695012 5.040755462228555 5.968868953691996 6.900954560424442 7.790171173537064 8.586289796963557 9.240272801700792 9.70922919223994 9.961056922503943 9.978075823166776 9.759080193893361 9.803389002384964 9.99356841717892 9.918995797258685 9.585562088070317 9.019245844909182 8.262769306020868 7.3702766911583515 6.400954189118728 5.4126308423329315 4.456304503504432 3.5722683193851195 2.788149438934935 2.118804002616548 1.6886264280152072 1.526980289550859 1.376990513180837 1.2383007415710314 1.1105010809949176 1.331167221320022 1.8835600040687885 2.578513814760024 3.415093690724336 4.376016396389106 5.424983430087793 6.506703979653857 7.550345754095918 8.47648481046321 9.206782722788244 9.674825879029632 9.836069275391278 9.681224573160904 9.360225578954148 8.942807302246287 8.442925693142683 7.876687181573527 7.26149037073691 6.615146556493746 5.892376950158821 5.077906866771017 4.2337196678843325 3.415093690724336 2.665178523108102
0.0013075976669529817 0.002575072172964978 0.004906229191086523 0.009043768067337896 0.016128506652490635 0.0278310203270265 0.046737006458646174 0.07663256541872356 0.12268360985652993 0.19176989783144777 0.29268134123236544 0.43614444485449666 0.6345799746541987 0.9014945173437459 1.250433285200852 1.6934745349672988 2.2393270405680137 2.8911930237720416 3.644662843426956 4.485990404157595 5.391132804255346 6.325901559621783 7.247455166994011 8.107171395260778 8.854700592336215 9.442763573203756 9.83207222731542 9.995665483772807 9.92199664532573 9.928769875775085 9.990393852804374 9.78751716714925 9.336094219030425 8.670830111835546 7.8407731770485185 6.903349574918471 5.917845239435535 4.939353435365899 4.0140184562157275 3.1760796775945783 2.750134423337451 2.5236863613400047 2.309481602739952 2.1076150988039224 1.918075787473954 1.7407559684138447 1.5754611219930794 1.4219199771406759 1.9149519501466306 2.621488058457631 3.4720106122762973 4.4489483287164315 5.515397744971643 6.615146556493746 7.676181961208854 8.617756314171563 9.360225578954148 9.836069275391278 10.0 9.940672554230032 9.764793724100514 9.478550218044012 9.091850669067743 8.617756314171563 8.071749238414048 7.426572389044386 6.615146556493746 5.700772100639426 4.7530353741896985 3.8339952551219048 2.992094137681475
9.241177075125354E-4 0.0018198791977848386 0.003467376385859652 0.006391496730900683 0.011429417656048607 0.0199508054183649 0.03400301850742668 0.05658420516595135 0.09193770886999086 0.14585215245568994 0.22591897957703233 0.3416750776915609 0.5045388290635743 0.7274390268584497 1.0240456292172169 1.407546426392118 1.888977816479882 2.4752079772640863 3.166775259553801 3.9558835590822894 4.824923868688049 5.745901007507564 6.681077706673435 7.585000530578625 8.407858943597818 9.099885495790557 9.616281038448781 9.921996645325729 9.995665483772807 9.992060373341529 9.923960456723565 9.596608169618527 9.035522314271308 8.28307368494624 7.393201601594952 6.425047388154193 5.436543702574389 4.478908538300757 4.142882763076498 3.8580309869269995 3.582832022229167 3.318064703051013 3.064368023785917 2.822244666512267 2.5920660739765906 2.374078869415602 2.1684124148740427 1.9750872952827128 1.8835600040687885 2.578513814760024 3.415093690724336 4.376016396389106 5.424983430087793 6.506703979653857 7.550345754095918 8.47648481046321 9.206782722788244 9.674825879029632 9.894772432883084 9.993390614913519 9.973588658489748 9.836069275391278 9.585686951944668 9.231163463866357 8.76138228889075 8.066414308510229 7.185079474201354 6.191926400662322 5.16253670505896 4.1643159945896855 3.249880254342885
6.318639887769836E-4 0.0012443394598506627 0.002372419567544881 0.00440871154494942 0.007999310980945449 0.014171446642849072 0.024513001974807786 0.041399922058252714 0.0682689551113663 0.10991771641880813 0.1727956668429984 0.26522759484549785 0.39748914722981277 0.5816377061060684 0.8309990733840795 1.1662864916425162 1.6502589259711273 2.2591345268298606 2.992094137681475 3.8339952551219048 4.7530353741896985 5.700772100639426 6.615146556493746 7.426572389044386 8.066414308510229 8.689508008265797 9.319480045343973 9.759080193893357 9.978075823166774 9.992060373341529 9.795527673485939 9.34982289383265 8.689238046915989 7.862538190523036 6.9270225729379575 6.091619062533928 5.772710076323252 5.455372668937457 5.141226868849305 4.83177587836538 4.52839666579354 4.232332802172538 3.9446895226742535 3.666430952378806 3.398379399533997 3.1412165872760625 2.8954866675836533 2.6616008392706147 2.4398433752464026 2.4537719579697965 3.249880254342885 4.1643159945896855 5.16253670505896 6.191926400662322 7.185079474201354 8.066414308510229 8.76138228889075 9.231163463866357 9.585686951944668 9.836069275391278 9.973588658489748 9.993390614913519 9.894772432883084 9.674825879029632 9.206782722788244 8.47648481046321 7.550345754095918 6.506703979653857 5.424983430087793 4.376016396389106 3.415093690724336
4.179872889530466E-4 8.269268993613279E-4 0.0015973197919933152 0.0030125713074207875 0.005547579146647713 0.009974482840952172 0.017510477015175815 0.030014165698801738 0.0502314001089004 0.08208144629633761 0.13602241805878101 0.22706047802938678 0.3667040971370382 0.5729716503975442 0.866151105654776 1.2667687798863465 1.7924382226230624 2.4537719579697965 3.249880254342885 4.1643159945896855 5.16253670505896 6.191926400662322 7.185079474201354 8.066414308510229 8.76138228889075 9.206782722788244 9.360225578954148 9.787517167149252 9.990393852804374 9.999729037677326 9.892198866653516 9.554724167847365 9.01081718431491 8.29718764877709 7.459648343285439 7.135288161597314 6.82394426857498 6.508143097304277 6.1897966741349 5.870746678159541 5.552748028362337 5.2374544618827725 4.926406233541346 4.621020020028815 4.322581066154526 4.032237566348806 3.750997233180434 3.479725966810367 3.2191485057402898 2.969850910451699 2.992094137681475 3.8339952551219048 4.7530353741896985 5.700772100639426 6.615146556493746 7.426572389044386 8.071749238414048 8.617756314171563 9.091850669067743 9.478550218044012 9.764793724100514 9.940672554230032 10.0 9.836069275391278 9.360225578954148 8.617756314171563 7.676181961208854 6.615146556493746 5.515397744971643 4.4489483287164315 3.4720106122762973
3.3487592308929234E-4 6.938446283784142E-4 0.0013997268684412423 0.002749331639949926 0.005257916962359844 0.009790459566846398 0.01774987076783295 0.0313321411799924 0.05385024905572736 0.09011313934430061 0.14682205064772963 0.23860350081969417 0.3853461513918705 0.6020996821718928 0.9101834358920482 1.331167221320022 1.8835600040687885 2.578513814760024 3.415093690724336 4.376016396389106 5.424983430087793 6.506703979653857 7.550345754095918 8.47648481046321 9.206782722788244 9.674825879029632 9.836069275391278 9.918995797258688 9.99356841717892 9.947031445957574 9.986731476785128 9.789803247845994 9.370122388366756 8.756635501907402 8.377849516561763 8.108411607965133 7.8259430999177635 7.532432577398684 7.229886639642469 6.920307468437121 6.605671326401858 6.287908296844287 5.968883540410138 5.650380302966187 5.334084865181719 5.021573578309296 4.714302083923353 4.413596769022962 4.120648463041671 3.836508340927043 3.5620859574273593 3.415093690724336 4.2337196678843325 5.077906866771017 5.892376950158821 6.615146556493746 7.26149037073691 7.876687181573527 8.442925693142683 8.942807302246287 9.360225578954148 9.681224573160904 9.836069275391278 9.674825879029632 9.206782722788244 8.47648481046321 7.550345754095918 6.506703979653857 5.424983430087793 4.376016396389106 3.415093690724336
4.7936199310443303E-4 9.803580399439624E-4 0.0019521293650405997 0.0037847329055204627 0.007144381543643691 0.013130969899215613 0.023498045142737668 0.04094203487977831 0.06945601722485742 0.1147236855810356 0.18450114557702024 0.28890017549850006 0.44045273023013337 0.6538130265892496 0.9449538399602131 1.353352832366127 1.9149519501466306 2.621488058457631 3.4720106122762973 4.4489483287164315 5.515397744971643 6.615146556493746 7.676181961208854 8.617756314171563 9.360225578954148 9.836069275391278 10.0 9.988568934941298 9.944783562635696 9.876191563672215 9.990249980460222 9.939218125162464 9.654922608931969 9.344215834829697 9.152197214842625 8.939341866015134 8.707297646403248 8.457829040561432 8.19279488970598 7.914125444302579 7.623799133036688 7.323819435722348 7.016192233087221 6.702903984162839 6.3859010530188955 6.067070471770696 5.748222387243175 5.431074395555807 5.117237923411021 4.808206768238133 4.505347862752275 4.2098942840545925 3.9229404841570754 4.376016396389106 5.077906866771017 5.7347951756177595 6.3958090775294005 7.048628274348209 7.676181961208854 8.260711425579313 8.78458355251383 9.206782722788244 9.360225578954148 9.206782722788244 8.76138228889075 8.066414308510229 7.185079474201354 6.191926400662322 5.16253670505896 4.1643159945896855 3.249880254342885
6.818418700760115E-4 0.0013764092887068708 0.002705292852803213 0.005177066428803761 0.009646193115388443 0.017499713108091654 0.03091068772506367 0.05316051365853208 0.08901689296859783 0.1451304215831715 0.2303813103503447 0.3560727949360923 0.5358375012959607 0.7851094027141025 1.1200309257904248 1.5557242172902623 2.1039623901156386 2.770423065370873 3.5518693170062936 4.433744113071753 5.424983430087793 6.506703979653857 7.550345754095918 8.47648481046321 9.206782722788244 9.674825879029632 9.913876132734657 9.994917912483102 9.97635673811076 9.998689566494091 9.993367696008756 9.998916194760863 9.900165053057671 9.813054724963894 9.699819981940799 9.56138477368664 9.398868745407484 9.21357216272395 9.006958597659652 8.780635698013272 8.536334393183758 8.275886911967383 8.00120400160137 7.714251742259645 7.417028347425245 7.111541328416076 6.799785381389931 6.483721328154534 6.16525640897934 5.846226187395987 5.52837828482769 5.213358118002736 4.902696765702371 4.597801044665454 4.299945828568273 4.867522559599717 5.515397744971643 6.175572692384898 6.83296467972947 7.470895302636413 8.066414308510229 8.47648481046321 8.617756314171563 8.47648481046321 8.066414308510229 7.426572389044386 6.615146556493746 5.700772100639426 4.7530353741896985 3.8339952551219048 2.992094137681475
