4.3995372754348665E-45 1.1262733674360703E-44 2.941484181843062E-44 3.3079517285957926E-43 3.5742097106050874E-42 3.710471653060538E-41 3.700892126104316E-40 3.5465979241033526E-39 3.2654700535471143E-38 2.8887348172359646E-37 2.455262140548815E-36 2.0050087819616627E-35 1.573123837269461E-34 1.1858718646226246E-33 8.588965128795237E-33 5.976846942677424E-32 3.996056775640106E-31 2.566961685039787E-30 1.5842924166340024E-29 9.394626555702427E-29 5.3524413815591325E-28 2.9298982539958425E-27 1.5409245660366095E-26 7.786431003195005E-26 3.780277844776137E-25 1.763344725637459E-24 7.902762784127674E-24 3.4028976710566714E-23 1.4078197511012139E-22 5.59594501987152E-22 2.137115748452734E-21 7.8417116941142E-21 2.7645338904154734E-20 9.363995282795747E-20 3.047394468431082E-19 9.52849662013366E-19 2.862518580549421E-18 8.262290587138303E-18 2.2912940994603357E-17 6.105052865403157E-17 1.5628821893349812E-16 3.844069895260153E-16 9.084154880336477E-16 2.0625572179923185E-15 4.4994113670533434E-15 9.430476078526826E-15 1.8990646735868877E-14 3.674295772989646E-14 6.830251446447869E-14 1.2199091575042234E-13 2.093372485519395E-13 3.4513877443742225E-13 5.467253537991956E-13 8.32094969964373E-13 1.2167596515246312E-12 1.7094835407045465E-12 2.3075614138262196E-12 2.9927458244202346E-12 3.729190932372597E-12 4.464652134632917E-12 5.135572371480255E-12 5.6756852326327514E-12 6.0266500066972274E-12 6.148396412704767E-12 6.0266500066972274E-12 5.6756852326327514E-12 5.135572371480255E-12 4.464652134632917E-12 3.729190932372597E-12 2.9927458244202346E-12 2.3075614138262196E-12 1.7094835407045465E-12 1.2167596515246312E-12 8.32094969964373E-13 5.467253537991956E-13 3.4513877443742225E-13 2.093372485519395E-13 1.2199091575042234E-13 6.830251446447869E-14 3.738872772677083E-14 2.0361325700388822E-14 1.1031454636842638E-14 5.9459449576619484E-15 3.1883820418225913E-15 1.7009094451345232E-15 9.027206971469842E-16 4.766361474811139E-16 2.503697870707537E-16 1.308393063467562E-16 6.802302084879862E-17 3.518316985914475E-17
6.813556821545336E-44 1.744257885588692E-43 4.290182122054014E-43 1.5430239450106383E-42 1.6672223842559878E-41 1.7307829973643522E-40 1.7263145405402615E-39 1.654342617187952E-38 1.523207984197904E-37 1.3474764323943433E-36 1.1452791893529716E-35 9.352544457584317E-35 7.337978146386679E-34 5.531606362357199E-33 4.006400317763478E-32 2.787954209999841E-31 1.8639967557966866E-30 1.197382450203578E-29 7.390074993031279E-29 4.382208363129587E-28 2.4966945994454772E-27 1.3666774890573993E-26 7.187781739061012E-26 3.632051030322344E-25 1.763344725637459E-24 8.22528065160671E-24 3.6863150396768944E-23 1.5873123369578973E-22 6.56690231429178E-22 2.610279069667712E-21 9.96876932820819E-21 3.657837207625888E-20 1.2895417889048867E-19 4.367920129370771E-19 1.4214846589306947E-18 4.444653263141867E-18 1.3352476321353461E-17 3.854020028884206E-17 1.0687948164315171E-16 2.847757019982772E-16 7.290205055072569E-16 1.793101103442871E-15 4.237386047496679E-15 9.620984332403295E-15 2.0987910487930685E-14 4.3989306966682134E-14 8.858358600390629E-14 1.713908431542004E-13 3.18603244455035E-13 5.690376387583517E-13 9.764724929507923E-13 1.609930969381558E-12 2.5502497662342845E-12 3.881382101433995E-12 5.6756852326327514E-12 7.974040292384725E-12 1.0763828520641494E-11 1.39599330561311E-11 1.7395147741802464E-11 2.0825772910555125E-11 2.3955340919962107E-11 2.6474746117329783E-11 2.8111852987890587E-11 2.8679750088881025E-11 2.8111852987890587E-11 2.6474746117329783E-11 2.3955340919962107E-11 2.0825772910555125E-11 1.7395147741802464E-11 1.39599330561311E-11 1.0763828520641494E-11 7.974040292384725E-12 5.6756852326327514E-12 3.881382101433995E-12 2.5502497662342845E-12 1.609930969381558E-12 9.764724929507923E-13 5.690376387583517E-13 3.1942544592049434E-13 1.7721233436145044E-13 9.780921014291865E-14 5.3706509277503107E-14 2.93383353482084E-14 1.5944297153704554E-14 8.620583436775248E-15 4.63691685132725E-15 2.4813231390732597E-15 1.320987510069198E-15 6.996413448657488E-16 3.686494489948011E-16 1.93247142559085E-16
1.0138389759677357E-42 2.5954089396553002E-42 6.383675902700864E-42 1.5085651974619528E-41 7.471972337342922E-41 7.756831242414662E-40 7.736805008305187E-39 7.414249226045503E-38 6.826544574631421E-37 6.038970399599942E-36 5.132785225408851E-35 4.1915196275405875E-34 3.288653645704028E-33 2.479093977558911E-32 1.7955440515519527E-31 1.2494743911559278E-30 8.353853887599621E-30 5.366295840091987E-29 3.312001832524693E-28 1.963969532498221E-27 1.1189408898306708E-26 6.125023565385529E-26 3.221340285992527E-25 1.627772340550587E-24 7.902762784127674E-24 3.6863150396768944E-23 1.6520917823142533E-22 7.11384035175698E-22 2.9430814327938795E-21 1.1698459177061998E-20 4.467692454295198E-20 1.6393289034492848E-19 5.779325341079226E-19 1.9575659903910605E-18 6.37065225958279E-18 1.9919553950865177E-17 5.984164719135804E-17 1.7272519440314215E-16 4.790006047235107E-16 1.2762761511435286E-15 3.2672432315842268E-15 8.036121617311039E-15 1.8990646735868877E-14 4.311826032842561E-14 9.406128904299193E-14 1.971463962443268E-13 3.9700408920505876E-13 7.681204685202163E-13 1.4278806784483614E-12 2.5502497662342845E-12 4.376246099143328E-12 7.215210029476144E-12 1.1429426503964358E-11 1.7395147741802464E-11 2.5436656473769176E-11 3.5737169224815966E-11 4.8240132635951775E-11 6.256407940031314E-11 7.795964351135141E-11 9.333463883457711E-11 1.0736038957721635E-10 1.1865158031401113E-10 1.2598858428277925E-10 1.285337225133652E-10 1.2598858428277925E-10 1.1865158031401113E-10 1.0736038957721635E-10 9.333463883457711E-11 7.795964351135141E-11 6.256407940031314E-11 4.8240132635951775E-11 3.5737169224815966E-11 2.5436656473769176E-11 1.7395147741802464E-11 1.1429426503964358E-11 7.215210029476144E-12 4.376246099143328E-12 2.5502497662342845E-12 1.4426772376882808E-12 8.111740667854128E-13 4.5375383091053556E-13 2.525154295796701E-13 1.3980313307793275E-13 7.70029311579314E-14 4.2194804458390885E-14 2.3002342657928623E-14 1.247517157851493E-14 6.731042843118544E-15 3.613096415760633E-15 1.9294703784959283E-15 1.0250806815160607E-15
1.4494135099941538E-41 3.710471653060538E-41 9.126287621727164E-41 2.1566884187119967E-40 4.896760704293646E-40 3.340060139804099E-39 3.331436924445995E-38 3.192545710041741E-37 2.939482465680725E-36 2.600356213355186E-35 2.210156544829828E-34 1.804851387845423E-33 1.416080950114657E-32 1.0674878334332942E-31 7.7315400173436376E-31 5.3801861600211594E-30 3.597135674571351E-29 2.3107052704563517E-28 1.4261345848656396E-27 8.456773321840342E-27 4.818114186221479E-26 2.637410358271095E-25 1.3870960898511702E-24 7.009121819770583E-24 3.4028976710566714E-23 1.5873123369578973E-22 7.11384035175698E-22 3.0631908645774383E-21 1.2672789538234857E-20 5.037309176042756E-20 1.9237702893288263E-19 7.058883911899202E-19 2.4885541019827196E-18 8.429199928689034E-18 2.7431770798924646E-17 8.577279313511499E-17 2.5767571091549863E-16 7.437476966254885E-16 2.0625572179923185E-15 5.495593453816189E-15 1.4068617124461595E-14 3.460321444900138E-14 8.177295626175244E-14 1.8566548390685349E-13 4.0502410380310395E-13 8.489044033871731E-13 1.7094835407045465E-12 3.3074956503416E-12 6.148396412704767E-12 1.0981272280576583E-11 1.884393858898977E-11 3.10684023754345E-11 4.921464795826677E-11 7.490280216578644E-11 1.0952921331247064E-10 1.538828043396815E-10 2.0772005877241402E-10 2.693983938259256E-10 3.3569106980410297E-10 4.018951774144033E-10 4.622894924668702E-10 5.109089028063332E-10 5.425017449551549E-10 5.534610071701021E-10 5.425017449551549E-10 5.109089028063332E-10 4.622894924668702E-10 4.018951774144033E-10 3.3569106980410297E-10 2.693983938259256E-10 2.0772005877241402E-10 1.538828043396815E-10 1.0952921331247064E-10 7.490280216578644E-11 4.921464795826677E-11 3.10684023754345E-11 1.884393858898977E-11 1.0985801574090658E-11 6.292680787241954E-12 3.5859235078560943E-12 2.0329547384883363E-12 1.1466101097607096E-12 6.433764978305391E-13 3.5915009582516674E-13 1.9945647965404455E-13 1.1020002200075839E-13 6.057265103261895E-14 3.312324297689284E-14 1.801982163738145E-14 9.752803950398499E-15 5.251336750692049E-15
1.990874333375793E-40 5.096601299670621E-40 1.2535616412996127E-39 2.96236759785665E-39 6.726055149644742E-39 1.4672702765161372E-38 1.3782555795533783E-37 1.3207946113450603E-36 1.2160992992528484E-35 1.0757986842206472E-34 9.143683817771152E-34 7.466887568271299E-33 5.858497443769971E-32 4.416325735416562E-31 3.1986312240374025E-30 2.2258478134981223E-29 1.4881783525626433E-28 9.55966600580161E-28 5.900090541597082E-27 3.498668976835865E-26 1.9933118683282256E-25 1.0911284302534193E-24 5.73858358591615E-24 2.8997581148784966E-23 1.4078197511012139E-22 6.56690231429178E-22 2.9430814327938795E-21 1.2672789538234857E-20 5.242885663363478E-20 2.0839954756072422E-19 7.9588693863306355E-19 2.9203452917279944E-18 1.0295448041984177E-17 3.4872615319944546E-17 1.134885396845226E-16 3.548523756967391E-16 1.0660354505848202E-15 3.0769737980992275E-15 8.533047625744023E-15 2.2735932009094743E-14 5.820356347168051E-14 1.4315766579536617E-13 3.383045688102821E-13 7.681204685202163E-13 1.6756334986383256E-12 3.5120197590724936E-12 7.072339298522114E-12 1.3683507861070829E-11 2.5436656473769176E-11 4.543084601193948E-11 7.795964351135141E-11 1.285337225133652E-10 2.0360692602792226E-10 3.0988191387218185E-10 4.5313554719967633E-10 6.366316952369053E-10 8.593629009975699E-10 1.1145336016681331E-9 1.388794386496404E-9 1.6626887533196023E-9 1.9125473085981135E-9 2.1136916649064966E-9 2.244395057926015E-9 2.289734845645556E-9 2.244395057926015E-9 2.1136916649064966E-9 1.9125473085981135E-9 1.6626887533196023E-9 1.388794386496404E-9 1.1145336016681331E-9 8.593629009975699E-10 6.366316952369053E-10 4.5313554719967633E-10 3.0988191387218185E-10 2.0360692602792226E-10 1.285337225133652E-10 7.795964351135141E-11 4.566092267038239E-11 2.6507518648056408E-11 1.5309282490456364E-11 8.79633917256767E-12 5.0281759356644315E-12 2.859435682659354E-12 1.6177505949861485E-12 9.105507841117733E-13 5.098684577481876E-13 2.8403606515300684E-13 1.574164804103573E-13 8.679371487450827E-14 4.7608853690728656E-14 2.5980561992760068E-14
2.6273843636078028E-39 6.726055149644742E-39 1.654342617187952E-38 3.909477446860939E-38 8.876467907934179E-38 1.9363768556743823E-37 5.478430346270493E-37 5.2500286502218986E-36 4.833875083795279E-35 4.276193940765339E-34 3.6345243688555255E-33 2.968014354744217E-32 2.3286951023914637E-31 1.7554460353254153E-30 1.2714244458182092E-29 8.847526096429399E-29 5.915362555603761E-28 3.799873196476686E-27 2.3452279496160668E-26 1.3906865010090102E-25 7.923218589522368E-25 4.337128173220086E-24 2.281030523517281E-23 1.1526253250171504E-22 5.59594501987152E-22 2.610279069667712E-21 1.1698459177061998E-20 5.037309176042756E-20 2.0839954756072422E-19 8.283677007682998E-19 3.1635722876743848E-18 1.1608085252936178E-17 4.092339317787033E-17 1.386152153902462E-16 4.511057810940092E-16 1.4105032856773496E-15 4.237386047496679E-15 1.2230668157823348E-14 3.391802489506043E-14 9.03730931455602E-14 2.313534391695757E-13 5.690376387583517E-13 1.3447273811528882E-12 3.0532033004330002E-12 6.660478320822169E-12 1.39599330561311E-11 2.8111852987890587E-11 5.4390597666807366E-11 1.011082072156109E-10 1.8058314375132197E-10 3.0988191387218185E-10 5.109089028063332E-10 8.093175016375902E-10 1.231750123781735E-9 1.8011692240397211E-9 2.5305483615119127E-9 3.415882993783845E-9 4.430161427168241E-9 5.52032106714016E-9 6.609024231587269E-9 7.602187409607361E-9 8.401716438858878E-9 8.921249568491277E-9 9.101470764487946E-9 8.921249568491277E-9 8.401716438858878E-9 7.602187409607361E-9 6.609024231587269E-9 5.52032106714016E-9 4.430161427168241E-9 3.415882993783845E-9 2.5305483615119127E-9 1.8011692240397211E-9 1.231750123781735E-9 8.093175016375902E-10 5.109089028063332E-10 3.0988191387218185E-10 1.8328396339883354E-10 1.0783737352875839E-10 6.31212374646108E-11 3.6757255392291565E-11 2.129472401387337E-11 1.2273327542553654E-11 7.0374286038168765E-12 4.0144591947427355E-12 2.2782504382622172E-12 1.286285120326382E-12 7.224942543489124E-13 4.0373176305396594E-13 2.2444648453907813E-13 1.2413494764524046E-13
3.331436924445995E-38 8.528416622917865E-38 2.0976520058971546E-37 4.9570887694091985E-37 1.1255069245577542E-36 2.455262140548815E-36 5.1460711177698345E-36 2.0050087819616627E-35 1.8460779244520572E-34 1.63309706971668E-33 1.388040668597362E-32 1.1334975945319997E-31 8.893387906766671E-31 6.704124780230633E-30 4.8556252723659025E-29 3.3789087077127974E-28 2.2591026949865504E-27 1.4511881052219955E-26 8.956527569584815E-26 5.311092249679113E-25 3.025911649591375E-24 1.6563681181877467E-23 8.711354806381012E-23 4.401926261627525E-22 2.137115748452734E-21 9.96876932820819E-21 4.467692454295198E-20 1.9237702893288263E-19 7.9588693863306355E-19 3.1635722876743848E-18 1.2081820198999735E-17 4.433178259496479E-17 1.5628821893349812E-16 5.293775380810735E-16 1.7227926035202897E-15 5.386773412463939E-15 1.6182761664422286E-14 4.670945379442593E-14 1.2953441269033374E-13 3.4513877443742225E-13 8.835488493047429E-13 2.1731794986090852E-12 5.135572371480255E-12 1.166031623508171E-11 2.5436656473769176E-11 5.331359167336592E-11 1.0736038957721635E-10 2.0772005877241402E-10 3.8613664210600964E-10 6.896548823221214E-10 1.1834525106040504E-9 1.95118332709636E-9 3.0908187484083245E-9 4.704107310462815E-9 6.87874362713457E-9 9.664274285047388E-9 1.3045405762501647E-8 1.6918979226151385E-8 2.1082346318998432E-8 2.5240151068452096E-8 2.903308445323871E-8 3.208652059975357E-8 3.407064022429895E-8 3.4758912812399264E-8 3.407064022429895E-8 3.208652059975357E-8 2.903308445323871E-8 2.5240151068452096E-8 2.1082346318998432E-8 1.6918979226151385E-8 1.3045405762501647E-8 9.664274285047388E-9 6.87874362713457E-9 4.704107310462815E-9 3.0908187484083245E-9 1.95118332709636E-9 1.1854062080734002E-9 7.105114880341369E-10 4.2367845516499293E-10 2.513408179699381E-10 1.4833752788708827E-10 8.709644293705057E-11 5.087579032090321E-11 2.956536790258173E-11 1.7092940272831554E-11 9.831315450694774E-12 5.6255871368920255E-12 3.2024727977307412E-12 1.8136956507659692E-12 1.0218913954403828E-12 5.72804527083506E-13
4.058521021252788E-37 1.0389738400305998E-36 2.555463289349961E-36 6.038970399599942E-36 1.371148131115478E-35 2.9911216199180667E-35 6.269198031358158E-35 1.2624614509316286E-34 6.773807576357365E-34 5.992317635810149E-33 5.093132999804273E-32 4.159138946370743E-31 3.26324786101446E-30 2.459942271540414E-29 1.7816729631099941E-28 1.2398218461400178E-27 8.28931799052378E-27 5.324839678579738E-26 3.2864156764517817E-25 1.9487973093165768E-24 1.1102967532355851E-23 6.077706016417083E-23 3.196454516150241E-22 1.6151973362895697E-21 7.8417116941142E-21 3.657837207625888E-20 1.6393289034492848E-19 7.058883911899202E-19 2.9203452917279944E-18 1.1608085252936178E-17 4.433178259496479E-17 1.6266646214532349E-16 5.734678409208379E-16 1.942443236393371E-15 6.321437159096106E-15 1.9765669731573818E-14 5.937935344814098E-14 1.713908431542004E-13 4.753001888266596E-13 1.2664165549094197E-12 3.2420028484326674E-12 7.974040292384725E-12 1.884393858898977E-11 4.278515950477222E-11 9.333463883457711E-11 1.9562338426589476E-10 3.939371197099855E-10 7.621865194512874E-10 1.4168498941252668E-9 2.5305483615119127E-9 4.342438353445089E-9 7.159470480028959E-9 1.1341130933749797E-8 1.7260765278404357E-8 2.5240151068452096E-8 3.5461089429082884E-8 4.7867463892088204E-8 6.208075409403632E-8 7.735738309389611E-8 9.261360220567798E-8 1.0653100003497697E-7 1.1773496311217167E-7 1.250152866386744E-7 1.2754076295260457E-7 1.250152866386744E-7 1.1773496311217167E-7 1.0653100003497697E-7 9.261360220567798E-8 7.735738309389611E-8 6.208075409403632E-8 4.7867463892088204E-8 3.5461089429082884E-8 2.5240151068452096E-8 1.7260765278404357E-8 1.1341130933749797E-8 7.159470480028959E-9 4.378851775894806E-9 2.6600181076323E-9 1.6075715443419352E-9 9.665345785711283E-10 5.781304581458806E-10 3.4402949135809667E-10 2.0366990698097873E-10 1.1995529563140836E-10 7.028673252623644E-11 4.0972140381382914E-11 2.3761033048458017E-11 1.3708923511752176E-11 7.868695816241311E-12 4.493280481610239E-12 2.5526170754239923E-12
4.7504223684815565E-36 1.2160992992528484E-35 2.9911216199180667E-35 7.068501042283974E-35 1.6049030468103068E-34 3.501051485430299E-34 7.337978146386679E-34 1.4776873359645197E-33 2.8590181302671018E-33 2.1125445352403434E-32 1.7955440515519527E-31 1.4662717810473497E-30 1.1504324127819394E-29 8.67233334176678E-29 6.281148147606044E-28 4.370894576886934E-27 2.9223339759397526E-26 1.8772304219640745E-25 1.1586000442177526E-24 6.870331908784633E-24 3.9142640312087153E-23 2.142647538416675E-22 1.1268849434622154E-21 5.6942513956906074E-21 2.7645338904154734E-20 1.2895417889048867E-19 5.779325341079226E-19 2.4885541019827196E-18 1.0295448041984177E-17 4.092339317787033E-17 1.5628821893349812E-16 5.734678409208379E-16 2.0217158486953507E-15 6.847931123568681E-15 2.2285730391707504E-14 6.968231678385824E-14 2.093372485519395E-13 6.042249611934911E-13 1.6756334986383256E-12 4.464652134632917E-12 1.1429426503964358E-11 2.8111852987890587E-11 6.643282600821857E-11 1.508357206584794E-10 3.2904394126290494E-10 6.896548823221214E-10 1.388794386496404E-9 2.687028733053805E-9 4.9949930611206075E-9 8.921249568491277E-9 1.530892547879489E-8 2.5240151068452096E-8 3.9982266684865815E-8 6.085147280085755E-8 8.898217092106947E-8 1.250152866386744E-7 1.6875298575085278E-7 2.188608244349616E-7 2.727173805655754E-7 3.2650198323820526E-7 3.7556667659383064E-7 4.1506536876982277E-7 4.407315777651242E-7 4.496349462280874E-7 4.407315777651242E-7 4.1506536876982277E-7 3.7556667659383064E-7 3.2650198323820526E-7 2.727173805655754E-7 2.188608244349616E-7 1.6875298575085278E-7 1.250152866386744E-7 8.898217092106947E-8 6.085147280085755E-8 3.9982266684865815E-8 2.5242753280014402E-8 1.5621406864438437E-8 9.617560652622646E-9 5.890756789213557E-9 3.5895385326496906E-9 2.1760432133721324E-9 1.3123744907162003E-9 7.874253885432733E-10 4.700265770691276E-10 2.791237465311777E-10 1.649045067922793E-10 9.692362145740556E-11 5.667455375083223E-11 3.2969165478272805E-11 1.908047438622526E-11 1.0981272280576583E-11
5.342258164221147E-35 1.3676081632323952E-34 3.3637732931299636E-34 7.949136828862139E-34 1.804851387845423E-33 3.937233245930787E-33 8.252186988994102E-33 1.661786389163956E-32 3.2152115671680416E-32 7.155584936494865E-32 6.08184478659352E-31 4.966537790918684E-30 3.896730556935321E-29 2.9374821117108135E-28 2.1275427958629534E-27 1.480504049578363E-26 9.898493796847913E-26 6.358531858457463E-25 3.924395857947475E-24 2.32711039673422E-23 1.3258347112665247E-22 7.25754945959885E-22 3.81697085769781E-21 1.928749847963923E-20 9.363995282795747E-20 4.367920129370771E-19 1.9575659903910605E-18 8.429199928689034E-18 3.4872615319944546E-17 1.386152153902462E-16 5.293775380810735E-16 1.942443236393371E-15 6.847931123568681E-15 2.3195228302435572E-14 7.548595261758268E-14 2.360270886605987E-13 7.090645604851691E-13 2.046623376902425E-12 5.6756852326327514E-12 1.5122614945314905E-11 3.871361325655473E-11 9.522012360994881E-11 2.2502045336483805E-10 5.109089028063332E-10 1.1145336016681331E-9 2.3359905578335605E-9 4.704107310462815E-9 9.101470764487946E-9 1.6918979226151385E-8 3.021794710696835E-8 5.185420459669655E-8 8.549313009381088E-8 1.354274432773538E-7 2.06115362243856E-7 3.0139931785484317E-7 4.234502454176725E-7 5.715980433472658E-7 7.413226998963535E-7 9.237449661970604E-7 1.105923512627486E-6 1.272114840115557E-6 1.4059043257481627E-6 1.4928405940256096E-6 1.5229979744712643E-6 1.4928405940256096E-6 1.4059043257481627E-6 1.272114840115557E-6 1.105923512627486E-6 9.237449661970604E-7 7.413226998963535E-7 5.715980433472658E-7 4.234502454176725E-7 3.0139931785484317E-7 2.06115362243856E-7 1.354274432773538E-7 8.581101370711918E-8 5.382039678839592E-8 3.3582430661906036E-8 2.0846767693419992E-8 1.2874391028138916E-8 7.909991795787263E-9 4.834891573640998E-9 2.9400777392844866E-9 1.7786572102355592E-9 1.070500980082152E-9 6.409781863125665E-10 3.8182186907000925E-10 2.262766379003856E-10 1.334074256882835E-10 7.824951584547313E-11 4.543084601193948E-11
5.772258053845213E-34 1.4776873359645197E-33 3.6345243688555255E-33 8.588965128795237E-33 1.9501243929501223E-32 4.2541422774922124E-32 8.916407883107949E-32 1.7955440515519527E-31 3.4740048670239215E-31 6.45792506482147E-31 1.979259877946912E-30 1.61629724644423E-29 1.2681419400102295E-28 9.55966600580161E-28 6.923820390400208E-27 4.818114186221479E-26 3.221340285992527E-25 2.0693042048416224E-24 1.2771452642031336E-23 7.57328804240819E-23 4.314762281641513E-22 2.361878173751419E-21 1.2421851492473408E-20 6.276873749041207E-20 3.047394468431082E-19 1.4214846589306947E-18 6.37065225958279E-18 2.7431770798924646E-17 1.134885396845226E-16 4.511057810940092E-16 1.7227926035202897E-15 6.321437159096106E-15 2.2285730391707504E-14 7.548595261758268E-14 2.456595368792165E-13 7.681204685202163E-13 2.3075614138262196E-12 6.660478320822169E-12 1.847080360480188E-11 4.921464795826677E-11 1.2598858428277925E-10 3.0988191387218185E-10 7.323007585530643E-10 1.6626887533196023E-9 3.6271094015224963E-9 7.602187409607361E-9 1.530892547879489E-8 2.9619591664303987E-8 5.50606895328129E-8 9.834050752920302E-8 1.6875298575085278E-7 2.7822663710158763E-7 4.407315777651242E-7 6.707765177056668E-7 9.808661647953488E-7 1.378065554894573E-6 1.8601939266915526E-6 2.4125414705592214E-6 3.0062117880409033E-6 3.5990889498640312E-6 4.1399377187851705E-6 4.5753387694458E-6 4.8582619182234344E-6 4.956405319172502E-6 4.8582619182234344E-6 4.5753387694458E-6 4.1399377187851705E-6 3.5990889498640312E-6 3.0062117880409033E-6 2.4125414705592214E-6 1.8601939266915526E-6 1.378065554894573E-6 9.808661647953488E-7 6.707765177056668E-7 4.407315777651242E-7 2.8171903648020734E-7 1.790772838892939E-7 1.1324686066177117E-7 7.124808785724896E-8 4.459453334021772E-8 2.776843490306694E-8 1.720214286233543E-8 1.0601689153456029E-8 6.500233405466328E-9 3.9650092495474874E-9 2.4061396344524534E-9 1.4526427395384558E-9 8.724854180427143E-10 5.213374284469977E-10 3.099138621080298E-10 1.8058314375132197E-10
5.992317635810149E-33 1.5340221800400956E-32 3.7730857266102993E-32 8.916407883107949E-32 2.0244702649969408E-31 4.416325735416562E-31 9.2563339524351E-31 1.8639967557966866E-30 3.606446634465672E-30 6.704124780230633E-30 1.197382450203578E-29 5.053787098919313E-29 3.965186100589787E-28 2.9890861248685985E-27 2.1649182562933776E-26 1.506512701733218E-25 1.007238489974109E-24 6.470234925645481E-24 3.993337409857675E-23 2.3679917471444534E-22 1.3491262205535128E-21 7.385045956109644E-21 3.884025228370631E-20 1.9626330270769482E-19 9.52849662013366E-19 4.444653263141867E-18 1.9919553950865177E-17 8.577279313511499E-17 3.548523756967391E-16 1.4105032856773496E-15 5.386773412463939E-15 1.9765669731573818E-14 6.968231678385824E-14 2.360270886605987E-13 7.681204685202163E-13 2.401734781620965E-12 7.215210029476144E-12 2.0825772910555125E-11 5.775392439106076E-11 1.538828043396815E-10 3.939371197099855E-10 9.689289652388798E-10 2.289734845645556E-9 5.198842595030524E-9 1.1341130933749797E-8 2.3770279098576798E-8 4.7867463892088204E-8 9.261360220567798E-8 1.721620221965372E-7 3.0748798795866094E-7 5.276514973764787E-7 8.699502472413703E-7 1.378065554894573E-6 2.0973627956717965E-6 3.066941294563569E-6 4.308891782197059E-6 5.8163955230905655E-6 7.543458349844266E-6 9.39972791789601E-6 1.1253517471925882E-5 1.2944626292938417E-5 1.4306024524312938E-5 1.5190659675689652E-5 1.5497531357028978E-5 1.5190659675689652E-5 1.4306024524312938E-5 1.2944626292938417E-5 1.1253517471925882E-5 9.39972791789601E-6 7.543458349844266E-6 5.8163955230905655E-6 4.308891782197059E-6 3.066941294563569E-6 2.0973627956717965E-6 1.3793447657763082E-6 8.932154127865072E-7 5.754412016944722E-7 3.6881372011498374E-7 2.3516601064966812E-7 1.491775271136598E-7 9.414421187440278E-8 5.91078568964349E-8 3.6919700640945344E-8 2.294206454854711E-8 1.4183002922332465E-8 8.722987619274325E-9 5.337325488879382E-9 3.248953453418072E-9 1.9675449324856747E-9 1.1834525106040504E-9 6.896548823221214E-10
5.976846942677424E-32 1.5300617113452503E-31 3.7633445454868187E-31 8.893387906766671E-31 2.019243579742625E-30 4.4049238664938464E-30 9.232436370428369E-30 1.8591843737498817E-29 3.597135674571351E-29 6.686816375786477E-29 1.1942911026523553E-28 2.049411727597776E-28 1.1912077362016583E-27 8.979710978980025E-27 6.50377387017793E-26 4.525814273190686E-25 3.025911649591375E-24 1.9437659930575754E-23 1.1996648568848696E-22 7.11384035175698E-22 4.052999153802102E-21 2.2185904146627625E-20 1.1668256627221767E-19 5.896075457419591E-19 2.862518580549421E-18 1.3352476321353461E-17 5.984164719135804E-17 2.5767571091549863E-16 1.0660354505848202E-15 4.237386047496679E-15 1.6182761664422286E-14 5.937935344814098E-14 2.093372485519395E-13 7.090645604851691E-13 2.3075614138262196E-12 7.215210029476144E-12 2.167568882618957E-11 6.256407940031314E-11 1.7350237740519677E-10 4.622894924668702E-10 1.1834525106040504E-9 2.910823476988221E-9 6.87874362713457E-9 1.5618186287836282E-8 3.407064022429895E-8 7.140986484766855E-8 1.4380180867709325E-7 2.7822663710158763E-7 5.172032976967457E-7 9.237449661970604E-7 1.5851527009028743E-6 2.613474975286327E-6 4.1399377187851705E-6 6.300826050646546E-6 9.213600834566143E-6 1.2944626292938417E-5 1.747341781230281E-5 2.266180127765712E-5 2.8238343245283883E-5 3.3807434839047335E-5 3.8887806501929316E-5 4.2977672813685264E-5 4.563526367903997E-5 4.65571571578309E-5 4.563526367903997E-5 4.2977672813685264E-5 3.8887806501929316E-5 3.3807434839047335E-5 2.8238343245283883E-5 2.266180127765712E-5 1.747341781230281E-5 1.2944626292938417E-5 9.213600834566143E-6 6.300826050646546E-6 4.167343081800851E-6 2.7350361722666786E-6 1.7857812627406409E-6 1.1599915292434226E-6 7.496227226909804E-7 4.819389596175422E-7 3.082497249468517E-7 1.961438648011048E-7 1.241675544704053E-7 7.819930540341492E-8 4.899582017919067E-8 3.054052773102754E-8 1.8938928790167038E-8 1.1684110447527978E-8 7.171289660970615E-9 4.342438353445089E-9 2.5305483615119127E-9
5.727665718778029E-31 1.4662717810473497E-30 3.606446634465672E-30 8.522612930516822E-30 1.9350591274089893E-29 4.2212778185419247E-29 8.847526096429399E-29 1.7816729631099941E-28 3.4471671914366067E-28 6.408035757094144E-28 1.1444998127790927E-27 1.963969532498221E-27 3.438267451963984E-27 2.591877726173824E-26 1.8772304219640745E-25 1.3063179020952195E-24 8.733903601468516E-24 5.610429772286982E-23 3.462677839756768E-22 2.0533182413595012E-21 1.1698459177061998E-20 6.403675009950626E-20 3.3678917424146574E-19 1.7018261150830873E-18 8.262290587138303E-18 3.854020028884206E-17 1.7272519440314215E-16 7.437476966254885E-16 3.0769737980992275E-15 1.2230668157823348E-14 4.670945379442593E-14 1.713908431542004E-13 6.042249611934911E-13 2.046623376902425E-12 6.660478320822169E-12 2.0825772910555125E-11 6.256407940031314E-11 1.8058314375132197E-10 5.007922287113798E-10 1.3343389796997806E-9 3.415882993783845E-9 8.401716438858878E-9 1.9854606047973185E-8 4.507987980619289E-8 9.834050752920302E-8 2.06115362243856E-7 4.1506536876982277E-7 8.030652937716083E-7 1.4928405940256096E-6 2.6662706719135024E-6 4.5753387694458E-6 7.543458349844266E-6 1.1949396128877693E-5 1.818652152100997E-5 2.659387015558673E-5 3.736299379885256E-5 5.043476625678885E-5 6.541036577238509E-5 8.150633472817838E-5 9.758079914099331E-5 1.122446365234345E-4 1.240495079956712E-4 1.3172030117077435E-4 1.3438122776315224E-4 1.3172030117077435E-4 1.240495079956712E-4 1.122446365234345E-4 9.758079914099331E-5 8.150633472817838E-5 6.541036577238509E-5 5.043476625678885E-5 3.736299379885256E-5 2.659387015558673E-5 1.818652152100997E-5 1.2159410835846097E-5 8.087918990056966E-6 5.352077844537913E-6 3.5234605960930906E-6 2.307691684756314E-6 1.5036526360779802E-6 9.74717185864555E-7 6.285952509215454E-7 4.032969488281504E-7 2.574187314245943E-7 1.6346196819176958E-7 1.0326536169417937E-7 6.490138815544088E-8 4.0580245483835204E-8 2.5240151068452096E-8 1.530892547879489E-8 8.921249568491277E-9
5.273651336196127E-30 1.350044942740958E-29 3.320574741367291E-29 7.847051709311463E-29 1.7816729631099941E-28 3.8866701552125663E-28 8.146210011435184E-28 1.6404452466150518E-27 3.1739208881571314E-27 5.900090541597082E-27 1.0537788452197384E-26 1.808291729622331E-26 2.981369038259462E-26 7.187781739061012E-26 5.20592557694524E-25 3.6226739661632744E-24 2.4220815736561142E-23 1.5558814468095825E-22 9.602680054508635E-22 5.6942513956906074E-21 3.244210573627875E-20 1.7758638007723903E-19 9.339819745662952E-19 4.719495271526134E-18 2.2912940994603357E-17 1.0687948164315171E-16 4.790006047235107E-16 2.0625572179923185E-15 8.533047625744023E-15 3.391802489506043E-14 1.2953441269033374E-13 4.753001888266596E-13 1.6756334986383256E-12 5.6756852326327514E-12 1.847080360480188E-11 5.775392439106076E-11 1.7350237740519677E-10 5.007922287113798E-10 1.388794386496404E-9 3.7003818718568673E-9 9.472908832676045E-9 2.329959603655628E-8 5.50606895328129E-8 1.250152866386744E-7 2.727173805655754E-7 5.715980433472658E-7 1.1510571073753824E-6 2.227056467808874E-6 4.1399377187851705E-6 7.394087866662117E-6 1.2688305518789939E-5 2.0919479197970832E-5 3.313800277713885E-5 5.043476625678885E-5 7.374998146901935E-5 1.0361485876900842E-4 1.3986542970508976E-4 1.8139568386896777E-4 2.260329406981056E-4 2.706105612412539E-4 3.112762382898642E-4 3.4401344604594253E-4 3.652860495145929E-4 3.7266531720786734E-4 3.652860495145929E-4 3.4401344604594253E-4 3.112762382898642E-4 2.706105612412539E-4 2.260329406981056E-4 1.8139568386896777E-4 1.3986542970508976E-4 1.0361485876900842E-4 7.374998146901935E-5 5.056492042015065E-5 3.426357394676835E-5 2.3098158804098664E-5 1.549114193994492E-5 1.0335961245451133E-5 6.860877734082333E-6 4.530747466471257E-6 2.9766063317795077E-6 1.9455137962404438E-6 1.2650526395966627E-6 8.18359725627116E-7 5.266732581932623E-7 3.3720938711906905E-7 2.1479264831696974E-7 1.3611329212997056E-7 8.549313009381088E-8 5.185420459669655E-8 3.021794710696835E-8
4.66523348217032E-29 1.1942911026523553E-28 2.9374821117108135E-28 6.941742264858787E-28 1.576122468455405E-27 3.438267451963984E-27 7.206386860901427E-27 1.4511881052219955E-26 2.8077476217589165E-26 5.219400788514975E-26 9.322050393775032E-26 1.599670244535123E-25 2.637410358271095E-25 4.177853136292221E-25 1.3870960898511702E-24 9.652456261618973E-24 6.453530367390239E-23 4.1455780326539805E-22 2.5585920810486748E-21 1.5172083674362978E-20 8.644057113036116E-20 4.731711388784547E-19 2.4885541019827196E-18 1.2574888634974139E-17 6.105052865403157E-17 2.847757019982772E-16 1.2762761511435286E-15 5.495593453816189E-15 2.2735932009094743E-14 9.03730931455602E-14 3.4513877443742225E-13 1.2664165549094197E-12 4.464652134632917E-12 1.5122614945314905E-11 4.921464795826677E-11 1.538828043396815E-10 4.622894924668702E-10 1.3343389796997806E-9 3.7003818718568673E-9 9.859505575991564E-9 2.5240151068452096E-8 6.208075409403632E-8 1.4670679791064112E-7 3.330977608210126E-7 7.266435269305904E-7 1.5229979744712643E-6 3.066941294563569E-6 5.933894506782637E-6 1.1030682896016183E-5 1.9701223569702454E-5 3.3807434839047335E-5 5.5739036926945906E-5 8.8294758344622E-5 1.3438122776315224E-4 1.965035984673079E-4 2.760772572037196E-4 3.7266531720786734E-4 4.8332086214372753E-4 6.022548797247295E-4 7.210299990312847E-4 8.29381916075739E-4 9.166087736247624E-4 9.732886947188954E-4 9.929504305851088E-4 9.732886947188954E-4 9.166087736247624E-4 8.29381916075739E-4 7.210299990312847E-4 6.022548797247295E-4 4.8332086214372753E-4 3.7266531720786734E-4 2.760772572037196E-4 1.965035984673079E-4 1.3577376694891145E-4 9.324373081767138E-5 6.370665246171281E-5 4.33023331595106E-5 2.9281894906355345E-5 1.9699192620416114E-5 1.3184359746817098E-5 8.778716640790187E-6 5.8151963899078924E-6 3.832296566117171E-6 2.5125528315668116E-6 1.638825313647578E-6 1.0634363307588995E-6 6.865176254376492E-7 4.409133602239899E-7 2.7822663710158763E-7 1.6875298575085278E-7 9.834050752920302E-8
3.965186100589787E-28 1.0150802737727333E-27 2.4966945994454772E-27 5.900090541597082E-27 1.3396154616122564E-26 2.9223339759397526E-26 6.125023565385529E-26 1.2334282788115615E-25 2.3864275788793263E-25 4.436197146214274E-25 7.923218589522368E-25 1.3596297470211007E-24 2.2416504841903227E-24 3.550940215456228E-24 5.404394494224536E-24 2.4710108670980892E-23 1.6520917823142533E-22 1.0612602731828107E-21 6.549948184568967E-21 3.884025228370631E-20 2.212862558834922E-19 1.2113093232185316E-18 6.37065225958279E-18 3.2191481243093884E-17 1.5628821893349812E-16 7.290205055072569E-16 3.2672432315842268E-15 1.4068617124461595E-14 5.820356347168051E-14 2.313534391695757E-13 8.835488493047429E-13 3.2420028484326674E-12 1.1429426503964358E-11 3.871361325655473E-11 1.2598858428277925E-10 3.939371197099855E-10 1.1834525106040504E-9 3.415882993783845E-9 9.472908832676045E-9 2.5240151068452096E-8 6.461431773106115E-8 1.5892557691660143E-7 3.7556667659383064E-7 8.527240781888751E-7 1.8601939266915526E-6 3.898846514799559E-6 7.851312725189438E-6 1.5190659675689652E-5 2.8238343245283883E-5 5.043476625678885E-5 8.654640498933893E-5 1.426908988085513E-4 2.260329406981056E-4 3.4401344604594253E-4 5.030455607111461E-4 7.067526484648328E-4 9.540162873079269E-4 0.0012372924261788228 0.0015417613011934367 0.0018458233995780567 0.0021232022938522145 0.002346501428356972 0.0024916009731503217 0.002541934651619926 0.0024916009731503217 0.002346501428356972 0.0021232022938522145 0.0018458233995780567 0.0015417613011934367 0.0012372924261788228 9.540162873079269E-4 7.067526484648328E-4 5.03253044956797E-4 3.5208640711795956E-4 2.450605900314537E-4 1.6969109790460505E-4 1.1689771254368164E-4 8.011509186369012E-5 5.4624066191946514E-5 3.7052292604381084E-5 2.5003886165716424E-5 1.6786544639136526E-5 1.121182924751438E-5 7.449944011648342E-6 4.924826233064184E-6 3.2388451349253283E-6 2.119096931669394E-6 1.378065554894573E-6 8.699502472413703E-7 5.276514973764787E-7 3.0748798795866094E-7
3.238038343236803E-27 8.28931799052378E-27 2.0388432318861823E-26 4.818114186221479E-26 1.0939527477028527E-25 2.3864275788793263E-25 5.001798315341956E-25 1.007238489974109E-24 1.9487973093165768E-24 3.6226739661632744E-24 6.470234925645481E-24 1.1102967532355851E-23 1.8305698738487874E-23 2.8997581148784966E-23 4.413320371438241E-23 6.453530367390239E-23 4.063490087697019E-22 2.610279069667712E-21 1.6110272932682736E-20 9.553160535512403E-20 5.442763634273172E-19 2.9793401799617364E-18 1.566927611776908E-17 7.917826741826476E-17 3.844069895260153E-16 1.793101103442871E-15 8.036121617311039E-15 3.460321444900138E-14 1.4315766579536617E-13 5.690376387583517E-13 2.1731794986090852E-12 7.974040292384725E-12 2.8111852987890587E-11 9.522012360994881E-11 3.0988191387218185E-10 9.689289652388798E-10 2.910823476988221E-9 8.401716438858878E-9 2.329959603655628E-8 6.208075409403632E-8 1.5892557691660143E-7 3.908938434264868E-7 9.237449661970604E-7 2.0973627956717965E-6 4.5753387694458E-6 9.589615017724412E-6 1.9311113205542063E-5 3.736299379885256E-5 6.94551169000181E-5 1.240495079956712E-4 2.1286980697122744E-4 3.509629786432931E-4 5.55951324165014E-4 8.461365421744255E-4 0.0012372924261788228 0.00173833101298252 0.002346501428356972 0.003043248300840364 0.0037921208930767657 0.004539992976248479 0.005222234967574471 0.005771462213521026 0.006128349505322217 0.006252150377482029 0.006128349505322217 0.005771462213521026 0.005222234967574471 0.004539992976248479 0.0037921208930767657 0.003043248300840364 0.002346501428356972 0.00173833101298252 0.0012435584795747279 8.817581899421268E-4 6.220054067275847E-4 4.3651601921957896E-4 3.047667479880369E-4 2.1168805103705958E-4 1.4628051366252703E-4 1.0056294368104672E-4 6.877820655154216E-5 4.67977620870568E-5 3.167821426819473E-5 2.1333281666767337E-5 1.4292757049276911E-5 9.526551604037906E-6 6.317086237893878E-6 4.1399377187851705E-6 2.613474975286327E-6 1.5851527009028743E-6 9.237449661970604E-7
2.5405551085689222E-26 6.50377387017793E-26 1.599670244535123E-25 3.780277844776137E-25 8.583120232391454E-25 1.8723838738398717E-24 3.924395857947475E-24 7.902762784127674E-24 1.5290204855327937E-23 2.842339057114432E-23 5.076526789228258E-23 8.711354806381012E-23 1.4362595965896067E-22 2.2751414626562835E-22 3.462677839756768E-22 5.063420443251725E-22 9.602680054508635E-22 6.168508897041663E-21 3.8071163759388474E-20 2.257565347818446E-19 1.2862125085645654E-18 7.040659606463872E-18 3.702901742033507E-17 1.8711096935856672E-16 9.084154880336477E-16 4.237386047496679E-15 1.8990646735868877E-14 8.177295626175244E-14 3.383045688102821E-13 1.3447273811528882E-12 5.135572371480255E-12 1.884393858898977E-11 6.643282600821857E-11 2.2502045336483805E-10 7.323007585530643E-10 2.289734845645556E-9 6.87874362713457E-9 1.9854606047973185E-8 5.50606895328129E-8 1.4670679791064112E-7 3.7556667659383064E-7 9.237449661970604E-7 2.1829577951254875E-6 4.956405319172502E-6 1.0812260740342585E-5 2.266180127765712E-5 4.563526367903997E-5 8.8294758344622E-5 1.64133602234864E-4 2.9314892136891326E-4 5.030455607111461E-4 8.29381916075739E-4 0.0013138023168804537 0.0019995566179747334 0.0029239208281656767 0.004107955522530075 0.005545159943217707 0.007191684765732906 0.008961391040299537 0.010728732951170824 0.01234098040866794 0.013638892648201145 0.01448227466826878 0.014774836023203373 0.01448227466826878 0.013638892648201145 0.01234098040866794 0.010728732951170824 0.008961391040299537 0.007191684765732906 0.005545159943217707 0.004107955522530075 0.0029676512819413496 0.002132635320539536 0.001524690508704874 0.0010844465827306398 7.673544234542951E-4 5.401883404468224E-4 3.7831693259709115E-4 2.6358926682988143E-4 1.827094596129805E-4 1.2599569683456371E-4 8.643940347197888E-5 5.899689808326555E-5 4.0059725003632843E-5 2.7061266481530416E-5 1.818652152100997E-5 1.1949396128877693E-5 7.543458349844266E-6 4.5753387694458E-6 2.6662706719135024E-6
1.9151529920267335E-25 4.902756072846168E-25 1.2058834090016046E-24 2.849696273344539E-24 6.470234925645481E-24 1.4114638041553346E-23 2.958337114552469E-23 5.957359374040534E-23 1.1526253250171504E-22 2.142647538416675E-22 3.8268508471641647E-22 6.56690231429178E-22 1.0826991528182603E-21 1.7150755615549723E-21 2.610279069667712E-21 3.81697085769781E-21 5.362644009773934E-21 1.40055984485502E-20 8.644057113036116E-20 5.125801755440572E-19 2.9203452917279944E-18 1.598581649259708E-17 8.407437803685481E-17 4.248354255291568E-16 2.0625572179923185E-15 9.620984332403295E-15 4.311826032842561E-14 1.8566548390685349E-13 7.681204685202163E-13 3.0532033004330002E-12 1.166031623508171E-11 4.278515950477222E-11 1.508357206584794E-10 5.109089028063332E-10 1.6626887533196023E-9 5.198842595030524E-9 1.5618186287836282E-8 4.507987980619289E-8 1.250152866386744E-7 3.330977608210126E-7 8.527240781888751E-7 2.0973627956717965E-6 4.956405319172502E-6 1.1253517471925882E-5 2.4549236254305766E-5 5.145361611911217E-5 1.0361485876900842E-4 2.0047323447642732E-4 3.7266531720786734E-4 6.655945783409189E-4 0.0011421648638660512 0.0018831115057022748 0.002982987947026769 0.004539992976248479 0.006638761765307788 0.009327112346494885 0.01259028475016699 0.016328719092180814 0.02034683690106439 0.024359586422561932 0.028020194012871213 0.030967103541862634 0.03288200228140395 0.033546262790251205 0.03288200228140395 0.030967103541862634 0.028020194012871213 0.024359586422561932 0.02034683690106439 0.016328719092180814 0.01259028475016699 0.009342509969656198 0.006839531802763091 0.004981390007811808 0.0036094089084656965 0.0026018544324553205 0.001865912495633062 0.0013312539814862106 9.449132412578785E-4 6.672434492865031E-4 4.687465359346973E-4 3.276070148402442E-4 2.2778739200667345E-4 1.5756782518823177E-4 1.0843432188842484E-4 7.423818809236752E-5 5.043476625678885E-5 3.313800277713885E-5 2.0919479197970832E-5 1.2688305518789939E-5 7.394087866662117E-6
