9.929504305851088E-4 9.732886947188954E-4 9.166087736247624E-4 8.29381916075739E-4 7.210299990312847E-4 6.022548797247295E-4 4.8332086214372753E-4 3.7266531720786734E-4 2.760772572037196E-4 1.965035984673079E-4 1.3577376694891145E-4 9.324373081767138E-5 6.370665246171281E-5 4.33023331595106E-5 2.9281894906355447E-5 1.9699192620416042E-5 1.3184359746817098E-5 8.778716640790218E-6 5.815196389907913E-6 3.832296566117171E-6 2.5125528315668116E-6 1.638825313647578E-6 1.0634363307588995E-6 8.527240781888751E-7 1.8601939266915526E-6 3.898846514799559E-6 7.851312725189438E-6 1.5190659675689652E-5 2.8238343245283883E-5 5.043476625678885E-5 8.654640498933893E-5 1.426908988085513E-4 2.260329406981056E-4 3.4401344604594253E-4 5.030455607111461E-4 7.067526484648328E-4 9.540162873079269E-4 0.0012372924261788228 0.0015417613011934367 0.0018458233995780567 0.0021232022938522145 0.002346501428356972 0.0024916009731503217 0.002541934651619926 0.0024916009731503217 0.002346501428356972 0.0021232022938522145 0.0018458233995780567 0.0015417613011934367 0.0012372924261788228 9.540162873079269E-4 7.067526484648328E-4 5.030455607111461E-4 3.4401344604594253E-4 2.260329406981056E-4 1.426908988085513E-4 8.654640498933893E-5 5.043476625678885E-5 2.8238343245283883E-5 1.5190659675689652E-5 7.851312725189438E-6 3.898846514799559E-6 1.8601939266915526E-6 8.527240781888751E-7 3.7556667659383064E-7 1.5892557691660143E-7 6.461431773106115E-8 2.5240151068452096E-8 9.472908832676045E-9 3.415882993783845E-9 1.1834525106040504E-9 3.939371197099855E-10 1.2598858428277925E-10 3.871361325655473E-11 1.1429426503964358E-11 3.2420028484326674E-12 8.835488493047429E-13 2.313534391695757E-13 5.820356347168051E-14 1.4068617124461595E-14 3.2672432315842268E-15
0.002541934651619926 0.0024916009731503217 0.002346501428356972 0.0021232022938522145 0.0018458233995780567 0.0015417613011934367 0.0012372924261788228 9.540162873079269E-4 7.067526484648328E-4 5.03253044956797E-4 3.5208640711795956E-4 2.4506059003145416E-4 1.6969109790460505E-4 1.1689771254368164E-4 8.011509186369025E-5 5.462406619194642E-5 3.7052292604381084E-5 2.5003886165716556E-5 1.6786544639136584E-5 1.121182924751438E-5 7.449944011648342E-6 4.924826233064201E-6 3.2388451349253283E-6 2.119096931669394E-6 4.5753387694458E-6 9.589615017724412E-6 1.9311113205542063E-5 3.736299379885256E-5 6.94551169000181E-5 1.240495079956712E-4 2.1286980697122744E-4 3.509629786432931E-4 5.55951324165014E-4 8.461365421744255E-4 0.0012372924261788228 0.00173833101298252 0.002346501428356972 0.003043248300840364 0.0037921208930767657 0.004539992976248479 0.005222234967574471 0.005771462213521026 0.006128349505322217 0.006252150377482029 0.006128349505322217 0.005771462213521026 0.005222234967574471 0.004539992976248479 0.0037921208930767657 0.003043248300840364 0.002346501428356972 0.00173833101298252 0.0012372924261788228 8.461365421744255E-4 5.55951324165014E-4 3.509629786432931E-4 2.1286980697122744E-4 1.240495079956712E-4 6.94551169000181E-5 3.736299379885256E-5 1.9311113205542063E-5 9.589615017724412E-6 4.5753387694458E-6 2.0973627956717965E-6 9.237449661970604E-7 3.908938434264868E-7 1.5892557691660143E-7 6.208075409403632E-8 2.329959603655628E-8 8.401716438858878E-9 2.910823476988221E-9 9.689289652388798E-10 3.0988191387218185E-10 9.522012360994881E-11 2.8111852987890587E-11 7.974040292384725E-12 2.1731794986090852E-12 5.690376387583517E-13 1.4315766579536617E-13 3.460321444900138E-14 8.036121617311039E-15
0.006252150377482029 0.006128349505322217 0.005771462213521026 0.005222234967574471 0.004539992976248479 0.0037921208930767657 0.003043248300840364 0.002346501428356972 0.00173833101298252 0.0012435584795747279 8.817581899421268E-4 6.220054067275869E-4 4.3651601921957896E-4 3.047667479880369E-4 2.1168805103706072E-4 1.4628051366252627E-4 1.0056294368104672E-4 6.877820655154216E-5 4.6797762087056966E-5 3.167821426819473E-5 2.1333281666767337E-5 1.4292757049276988E-5 9.526551604037906E-6 6.317086237893878E-6 1.0812260740342585E-5 2.266180127765712E-5 4.563526367903997E-5 8.8294758344622E-5 1.64133602234864E-4 2.9314892136891326E-4 5.030455607111461E-4 8.29381916075739E-4 0.0013138023168804537 0.0019995566179747334 0.0029239208281656767 0.004107955522530075 0.005545159943217707 0.007191684765732906 0.008961391040299537 0.010728732951170824 0.01234098040866794 0.013638892648201145 0.01448227466826878 0.014774836023203373 0.01448227466826878 0.013638892648201145 0.01234098040866794 0.010728732951170824 0.008961391040299537 0.007191684765732906 0.005545159943217707 0.004107955522530075 0.0029239208281656767 0.0019995566179747334 0.0013138023168804537 8.29381916075739E-4 5.030455607111461E-4 2.9314892136891326E-4 1.64133602234864E-4 8.8294758344622E-5 4.563526367903997E-5 2.266180127765712E-5 1.0812260740342585E-5 4.956405319172502E-6 2.1829577951254875E-6 9.237449661970604E-7 3.7556667659383064E-7 1.4670679791064112E-7 5.50606895328129E-8 1.9854606047973185E-8 6.87874362713457E-9 2.289734845645556E-9 7.323007585530643E-10 2.2502045336483805E-10 6.643282600821857E-11 1.884393858898977E-11 5.135572371480255E-12 1.3447273811528882E-12 3.383045688102821E-13 8.177295626175244E-14 1.8990646735868877E-14
0.014774836023203373 0.01448227466826878 0.013638892648201145 0.01234098040866794 0.010728732951170824 0.008961391040299537 0.007191684765732906 0.005545159943217707 0.004107955522530075 0.0029676512819413496 0.002132635320539536 0.0015246905087048768 0.0010844465827306398 7.673544234542951E-4 5.401883404468253E-4 3.783169325970905E-4 2.6358926682988143E-4 1.8270945961298146E-4 1.2599569683456415E-4 8.643940347197888E-5 5.899689808326555E-5 4.0059725003632986E-5 2.7061266481530416E-5 1.818652152100997E-5 2.4549236254305766E-5 5.145361611911217E-5 1.0361485876900842E-4 2.0047323447642732E-4 3.7266531720786734E-4 6.655945783409189E-4 0.0011421648638660512 0.0018831115057022748 0.002982987947026769 0.004539992976248479 0.006638761765307788 0.009327112346494885 0.01259028475016699 0.016328719092180814 0.02034683690106439 0.024359586422561932 0.028020194012871213 0.030967103541862634 0.03288200228140395 0.033546262790251205 0.03288200228140395 0.030967103541862634 0.028020194012871213 0.024359586422561932 0.02034683690106439 0.016328719092180814 0.01259028475016699 0.009327112346494885 0.006638761765307788 0.004539992976248479 0.002982987947026769 0.0018831115057022748 0.0011421648638660512 6.655945783409189E-4 3.7266531720786734E-4 2.0047323447642732E-4 1.0361485876900842E-4 5.145361611911217E-5 2.4549236254305766E-5 1.1253517471925882E-5 4.956405319172502E-6 2.0973627956717965E-6 8.527240781888751E-7 3.330977608210126E-7 1.250152866386744E-7 4.507987980619289E-8 1.5618186287836282E-8 5.198842595030524E-9 1.6626887533196023E-9 5.109089028063332E-10 1.508357206584794E-10 4.278515950477222E-11 1.166031623508171E-11 3.0532033004330002E-12 7.681204685202163E-13 1.8566548390685349E-13 4.311826032842561E-14
0.033546262790251205 0.03288200228140395 0.030967103541862634 0.028020194012871213 0.024359586422561932 0.02034683690106439 0.016328719092180814 0.01259028475016699 0.009342509969656233 0.006839531802763091 0.004981390007811808 0.0036094089084657095 0.0026018544324553205 0.001865912495633062 0.001331253981486213 9.449132412578768E-4 6.672434492865031E-4 4.687465359346982E-4 3.276070148402454E-4 2.2778739200667345E-4 1.5756782518823177E-4 1.0843432188842503E-4 7.423818809236752E-5 5.056492042015065E-5 5.355347802793113E-5 1.122446365234345E-4 2.260329406981056E-4 4.373268009850429E-4 8.129590538020515E-4 0.0014519761127166808 0.0024916009731503217 0.004107955522530075 0.006507305474754297 0.009903868763242701 0.01448227466826878 0.02034683690106439 0.027465356997214266 0.035620647830703414 0.04438606039028746 0.053139762179825314 0.06112527611295737 0.06755387751938452 0.0717311760109315 0.0731802418880473 0.0717311760109315 0.06755387751938452 0.06112527611295737 0.053139762179825314 0.04438606039028746 0.035620647830703414 0.027465356997214266 0.02034683690106439 0.01448227466826878 0.009903868763242701 0.006507305474754297 0.004107955522530075 0.0024916009731503217 0.0014519761127166808 8.129590538020515E-4 4.373268009850429E-4 2.260329406981056E-4 1.122446365234345E-4 5.355347802793113E-5 2.4549236254305766E-5 1.0812260740342585E-5 4.5753387694458E-6 1.8601939266915526E-6 7.266435269305904E-7 2.727173805655754E-7 9.834050752920302E-8 3.407064022429895E-8 1.1341130933749797E-8 3.6271094015224963E-9 1.1145336016681331E-9 3.2904394126290494E-10 9.333463883457711E-11 2.5436656473769176E-11 6.660478320822169E-12 1.6756334986383256E-12 4.0502410380310395E-13 9.406128904299193E-14
0.0731802418880473 0.0717311760109315 0.06755387751938452 0.06112527611295737 0.053139762179825314 0.04438606039028746 0.035620647830703414 0.027465356997214266 0.02051745485975269 0.015223227282755184 0.011237024944350414 0.00825196404576033 0.006028713948133773 0.004381808538263187 0.0031684253939176636 0.0022792656323783983 0.0016312020834832438 0.001161400373903793 8.226545881151308E-4 5.797148901971878E-4 4.0641783266074727E-4 2.8346041861146496E-4 1.966860060026883E-4 1.3577376694891145E-4 1.122446365234345E-4 2.3525752000097726E-4 4.7375046785475824E-4 9.166087736247624E-4 0.0017039097526934611 0.003043248300840364 0.005222234967574471 0.008610009871634024 0.013638892648201145 0.020757870271771763 0.030353913807886636 0.042645658068565434 0.05756561714872758 0.07465858083766795 0.09303032032049485 0.11137751478448037 0.1281146370384212 0.14158857103468014 0.1503439192977573 0.15338106793244638 0.1503439192977573 0.14158857103468014 0.1281146370384212 0.11137751478448037 0.09303032032049485 0.07465858083766795 0.05756561714872758 0.042645658068565434 0.030353913807886636 0.020757870271771763 0.013638892648201145 0.008610009871634024 0.005222234967574471 0.003043248300840364 0.0017039097526934611 9.166087736247624E-4 4.7375046785475824E-4 2.3525752000097726E-4 1.122446365234345E-4 5.145361611911217E-5 2.266180127765712E-5 9.589615017724412E-6 3.898846514799559E-6 1.5229979744712643E-6 5.715980433472658E-7 2.06115362243856E-7 7.140986484766855E-8 2.3770279098576798E-8 7.602187409607361E-9 2.3359905578335605E-9 6.896548823221214E-10 1.9562338426589476E-10 5.331359167336592E-11 1.39599330561311E-11 3.5120197590724936E-12 8.489044033871731E-13 1.971463962443268E-13
0.15338106793244638 0.1503439192977573 0.14158857103468014 0.1281146370384212 0.11137751478448037 0.09303032032049485 0.07465858083766795 0.05757155205435153 0.04351612898067539 0.032723062486996524 0.024480427447404602 0.01821987614094111 0.01349066048250822 0.009937619716247778 0.007282708098272567 0.005309636637773347 0.003851217694183922 0.0027790266005536415 0.0019950266800940206 0.0014248399414018564 0.0010123829498903368 7.156240582480589E-4 5.03253044956797E-4 3.5208640711795956E-4 2.4506059003145416E-4 4.7375046785475824E-4 9.540162873079269E-4 0.0018458233995780567 0.003431252877771799 0.006128349505322217 0.010516289805000117 0.017338430690350532 0.027465356997214266 0.04180121746110127 0.06112527611295737 0.08587780939743375 0.11592291739045918 0.1503439192977573 0.18734005942224272 0.2242867719485806 0.25799119720271807 0.28512436826796334 0.30275547453758134 0.308871540823677 0.30275547453758134 0.28512436826796334 0.25799119720271807 0.2242867719485806 0.18734005942224272 0.1503439192977573 0.11592291739045918 0.08587780939743375 0.06112527611295737 0.04180121746110127 0.027465356997214266 0.017338430690350532 0.010516289805000117 0.006128349505322217 0.003431252877771799 0.0018458233995780567 9.540162873079269E-4 4.7375046785475824E-4 2.260329406981056E-4 1.0361485876900842E-4 4.563526367903997E-5 1.9311113205542063E-5 7.851312725189438E-6 3.066941294563569E-6 1.1510571073753824E-6 4.1506536876982277E-7 1.4380180867709325E-7 4.7867463892088204E-8 1.530892547879489E-8 4.704107310462815E-9 1.388794386496404E-9 3.939371197099855E-10 1.0736038957721635E-10 2.8111852987890587E-11 7.072339298522114E-12 1.7094835407045465E-12 3.9700408920505876E-13
0.308871540823677 0.30275547453758134 0.28512436826796334 0.25799119720271807 0.2242867719485806 0.18734005942224272 0.1503439192977573 0.1163539461269781 0.08913409844073716 0.0679309993986944 0.05150548730308559 0.03885083574505759 0.029154701511051956 0.021765978802293005 0.01616624562255054 0.011945422437674283 0.00878122734515674 0.006421999955137519 0.004672472391309766 0.0033820853113601325 0.0024354753663843563 0.0017447945375128244 0.0012435584795747279 8.817581899421268E-4 6.220054067275869E-4 9.166087736247624E-4 0.0018458233995780567 0.0035712849641635165 0.006638761765307788 0.011857083645433888 0.02034683690106439 0.033546262790251205 0.053139762179825314 0.08087667511241124 0.11826471566155732 0.1661557273173933 0.2242867719485806 0.29088426258125877 0.3624641108965754 0.43394832707388964 0.4991593906910219 0.5516564420760778 0.5857689713335614 0.5976022895005945 0.5857689713335614 0.5516564420760778 0.4991593906910219 0.43394832707388964 0.3624641108965754 0.29088426258125877 0.2242867719485806 0.1661557273173933 0.11826471566155732 0.08087667511241124 0.053139762179825314 0.033546262790251205 0.02034683690106439 0.011857083645433888 0.006638761765307788 0.0035712849641635165 0.0018458233995780567 9.166087736247624E-4 4.373268009850429E-4 2.0047323447642732E-4 8.8294758344622E-5 3.736299379885256E-5 1.5190659675689652E-5 5.933894506782637E-6 2.227056467808874E-6 8.030652937716083E-7 2.7822663710158763E-7 9.261360220567798E-8 2.9619591664303987E-8 9.101470764487946E-9 2.687028733053805E-9 7.621865194512874E-10 2.0772005877241402E-10 5.4390597666807366E-11 1.3683507861070829E-11 3.3074956503416E-12 7.681204685202163E-13
0.5976022895005945 0.5857689713335614 0.5516564420760778 0.4991593906910219 0.43394832707388964 0.3624641108965754 0.29088426258125877 0.2271020990184319 0.17632112533154662 0.13619115980005683 0.10465376483484087 0.08000592726183148 0.06084863472766764 0.04604059020255391 0.034657106020197 0.025954046367144292 0.019336560491425642 0.014332262197646058 0.010568458147086708 0.007753001852259122 0.005658346153776522 0.004108379044930089 0.0029676512819413496 0.002132635320539536 0.0015246905087048768 0.0017039097526934611 0.003431252877771799 0.006638761765307788 0.01234098040866794 0.022041465283014688 0.03782330567826259 0.06236008859994447 0.09878299405312299 0.1503439192977573 0.2198455963042534 0.308871540823677 0.41693296979041133 0.5407329126440966 0.6737946999085469 0.8066787139099616 0.9279013887064737 1.0254896296404015 1.0889023668554452 1.110899653824231 1.0889023668554452 1.0254896296404015 0.9279013887064737 0.8066787139099616 0.6737946999085469 0.5407329126440966 0.41693296979041133 0.308871540823677 0.2198455963042534 0.1503439192977573 0.09878299405312299 0.06236008859994447 0.03782330567826259 0.022041465283014688 0.01234098040866794 0.006638761765307788 0.003431252877771799 0.0017039097526934611 8.129590538020515E-4 3.7266531720786734E-4 1.64133602234864E-4 6.94551169000181E-5 2.8238343245283883E-5 1.1030682896016183E-5 4.1399377187851705E-6 1.4928405940256096E-6 5.172032976967457E-7 1.721620221965372E-7 5.50606895328129E-8 1.6918979226151385E-8 4.9949930611206075E-9 1.4168498941252668E-9 3.8613664210600964E-10 1.011082072156109E-10 2.5436656473769176E-11 6.148396412704767E-12 1.4278806784483614E-12
1.110899653824231 1.0889023668554452 1.0254896296404015 0.9279013887064737 0.8066787139099616 0.6737946999085469 0.5412348564184779 0.4280830494577917 0.3368462166875731 0.26369183642636895 0.20536340869839226 0.1591148861805618 0.12264784712419566 0.09405251533267436 0.07175336434173696 0.054459730979093394 0.04112160746345414 0.03089057861328726 0.02308571723450729 0.01716414083218386 0.012695860309347199 0.009342509969656233 0.006839531802763091 0.004981390007811808 0.0036094089084657095 0.003043248300840364 0.006128349505322217 0.011857083645433888 0.022041465283014688 0.03936690406550784 0.06755387751938452 0.11137751478448037 0.17643022368343347 0.26852001769538214 0.3926526838305625 0.5516564420760778 0.744658307092434 0.9657697627537771 1.2034232284723767 1.4407591843112353 1.6572675401761259 1.831563888873417 1.9448214745385404 1.9841094744370291 1.9448214745385404 1.831563888873417 1.6572675401761259 1.4407591843112353 1.2034232284723767 0.9657697627537771 0.744658307092434 0.5516564420760778 0.3926526838305625 0.26852001769538214 0.17643022368343347 0.11137751478448037 0.06755387751938452 0.03936690406550784 0.022041465283014688 0.011857083645433888 0.006128349505322217 0.003043248300840364 0.0014519761127166808 6.655945783409189E-4 2.9314892136891326E-4 1.240495079956712E-4 5.043476625678885E-5 1.9701223569702454E-5 7.394087866662117E-6 2.6662706719135024E-6 9.237449661970604E-7 3.0748798795866094E-7 9.834050752920302E-8 3.021794710696835E-8 8.921249568491277E-9 2.5305483615119127E-9 6.896548823221214E-10 1.8058314375132197E-10 4.543084601193948E-11 1.0981272280576583E-11 2.5502497662342845E-12
1.9841094744370291 1.9448214745385404 1.831563888873417 1.6572675401761259 1.4407591843112353 1.2034232284723767 0.9721629195439743 0.7792947799905917 0.6214781308882791 0.4930730925152174 0.3891868200729517 0.30560912259467865 0.23874587262440344 0.185552495404073 0.14346933819573454 0.11036027125298363 0.08445547175935376 0.06429899631233402 0.04870145810159667 0.0366978907039942 0.02751069806327254 0.02051745485975269 0.015223227282755184 0.011237024944350414 0.00825196404576033 0.006028713948133762 0.010516289805000117 0.02034683690106439 0.03782330567826259 0.06755387751938452 0.11592291739045918 0.19112457966326402 0.30275547453758134 0.4607821929992749 0.6737946999085469 0.9466462401710334 1.2778387649535765 1.6572675401761259 2.065082518171257 2.4723526470339383 2.843882471418451 3.1429762018367717 3.337326996032607 3.404745473459935 3.337326996032607 3.1429762018367717 2.843882471418451 2.4723526470339383 2.065082518171257 1.6572675401761259 1.2778387649535765 0.9466462401710334 0.6737946999085469 0.4607821929992749 0.30275547453758134 0.19112457966326402 0.11592291739045918 0.06755387751938452 0.03782330567826259 0.02034683690106439 0.010516289805000117 0.005222234967574471 0.0024916009731503217 0.0011421648638660512 5.030455607111461E-4 2.1286980697122744E-4 8.654640498933893E-5 3.3807434839047335E-5 1.2688305518789939E-5 4.5753387694458E-6 1.5851527009028743E-6 5.276514973764787E-7 1.6875298575085278E-7 5.185420459669655E-8 1.530892547879489E-8 4.342438353445089E-9 1.1834525106040504E-9 3.0988191387218185E-10 7.795964351135141E-11 1.884393858898977E-11 4.376246099143328E-12
3.404745473459935 3.337326996032607 3.1429762018367717 2.843882471418451 2.4723526470339383 2.065082518171257 1.6863945816654715 1.3700687316066777 1.1073550230791307 0.8904156280878703 0.7122952306654362 0.5668767793929145 0.44882668238754664 0.3535330629960648 0.277040187910236 0.2159816620594768 0.1675144799291768 0.12925554894609523 0.09922187009515372 0.0757751820762614 0.05757155205435153 0.04351612898067539 0.032723062486996524 0.024480427447404602 0.01821987614094111 0.013490660482508125 0.017338430690350532 0.033546262790251205 0.06236008859994447 0.11137751478448037 0.19112457966326402 0.3151111598444445 0.4991593906910219 0.7597014027577577 1.110899653824231 1.5607557919982848 2.1067999523041445 2.7323722447292553 3.404745473459935 4.07622039783662 4.688769521998851 5.1818917172725865 5.502322005640725 5.613476283413374 5.502322005640725 5.1818917172725865 4.688769521998851 4.07622039783662 3.404745473459935 2.7323722447292553 2.1067999523041445 1.5607557919982848 1.110899653824231 0.7597014027577577 0.4991593906910219 0.3151111598444445 0.19112457966326402 0.11137751478448037 0.06236008859994447 0.033546262790251205 0.017338430690350532 0.008610009871634024 0.004107955522530075 0.0018831115057022748 8.29381916075739E-4 3.509629786432931E-4 1.426908988085513E-4 5.5739036926945906E-5 2.0919479197970832E-5 7.543458349844266E-6 2.613474975286327E-6 8.699502472413703E-7 2.7822663710158763E-7 8.549313009381088E-8 2.5240151068452096E-8 7.159470480028959E-9 1.95118332709636E-9 5.109089028063332E-10 1.285337225133652E-10 3.10684023754345E-11 7.215210029476144E-12
5.613476283413374 5.502322005640725 5.1818917172725865 4.688769521998851 4.07622039783662 3.4135319085214553 2.825180475932776 2.3262146923575737 1.9055254834171313 1.5528914419968558 1.2590089012887975 1.015495196205673 0.8148699726515577 0.6505192081450761 0.516646276000525 0.40821395821961604 0.3208808257553674 0.2509348907820683 0.19522692079377715 0.15110531006208824 0.1163539461269781 0.08913409844073716 0.0679309993986944 0.05150548730308559 0.03885083574505759 0.02915470151105175 0.027465356997214266 0.053139762179825314 0.09878299405312299 0.17643022368343347 0.30275547453758134 0.4991593906910219 0.7907054051593443 1.2034232284723767 1.7597472415623396 2.4723526470339383 3.337326996032607 4.32827979019659 5.393368730035602 6.457034689316848 7.4273578214333895 8.208499862389877 8.716085146198127 8.892161745938635 8.716085146198127 8.208499862389877 7.4273578214333895 6.457034689316848 5.393368730035602 4.32827979019659 3.337326996032607 2.4723526470339383 1.7597472415623396 1.2034232284723767 0.7907054051593443 0.4991593906910219 0.30275547453758134 0.17643022368343347 0.09878299405312299 0.053139762179825314 0.027465356997214266 0.013638892648201145 0.006507305474754297 0.002982987947026769 0.0013138023168804537 5.55951324165014E-4 2.260329406981056E-4 8.8294758344622E-5 3.313800277713885E-5 1.1949396128877693E-5 4.1399377187851705E-6 1.378065554894573E-6 4.407315777651242E-7 1.354274432773538E-7 3.9982266684865815E-8 1.1341130933749797E-8 3.0908187484083245E-9 8.093175016375902E-10 2.0360692602792226E-10 4.921464795826677E-11 1.1429426503964358E-11
8.892161745938635 8.716085146198127 8.208499862389877 7.4273578214333895 6.457034689316848 5.449258063872173 4.570882385627383 3.81438113769344 3.166718756372765 2.615509316305648 2.149138562411406 1.75684695834372 1.428778195798346 1.1559979540793681 0.93048780498652 0.7451190629653901 0.5936111254677797 0.47047847427656303 0.37097005358836277 0.2910042395903163 0.2271020990184319 0.17632112533154662 0.13619115980005683 0.10465376483484087 0.08000592726183148 0.06084863472766726 0.04604059020255391 0.08087667511241124 0.1503439192977573 0.26852001769538214 0.4607821929992749 0.7597014027577577 1.2034232284723767 1.831563888873417 2.6782676492638178 3.7628256807176226 5.079283386489853 6.587475442640296 8.208499862389877 9.827358560436156 11.304153064044986 12.493021219858248 13.265546508012175 13.53352832366127 13.265546508012175 12.493021219858248 11.304153064044986 9.827358560436156 8.208499862389877 6.587475442640296 5.079283386489853 3.7628256807176226 2.6782676492638178 1.831563888873417 1.2034232284723767 0.7597014027577577 0.4607821929992749 0.26852001769538214 0.1503439192977573 0.08087667511241124 0.04180121746110127 0.020757870271771763 0.009903868763242701 0.004539992976248479 0.0019995566179747334 8.461365421744255E-4 3.4401344604594253E-4 1.3438122776315224E-4 5.043476625678885E-5 1.818652152100997E-5 6.300826050646546E-6 2.0973627956717965E-6 6.707765177056668E-7 2.06115362243856E-7 6.085147280085755E-8 1.7260765278404357E-8 4.704107310462815E-9 1.231750123781735E-9 3.0988191387218185E-10 7.490280216578644E-11 1.7395147741802464E-11
13.53352832366127 13.265546508012175 12.493021219858248 11.304153064044986 9.831411915115948 8.401128669811186 7.142014848832493 6.040393477221774 5.082426183163767 4.254399785731881 3.5429651885582483 2.935329376091971 2.4194027240243208 1.9839049376118523 1.618433726044173 1.3135008262449706 1.0605402344238644 0.851893524217878 0.6807769662443871 0.5412348564184779 0.4280830494577917 0.3368462166875731 0.26369183642636895 0.20536340869839226 0.1591148861805618 0.122647847124195 0.09405251533267436 0.11826471566155732 0.2198455963042534 0.3926526838305625 0.6737946999085469 1.110899653824231 1.7597472415623396 2.6782676492638178 3.9163895098987074 5.502322005640725 7.4273578214333895 9.6327638230493 12.003162851145674 14.370394977770298 16.529888822158657 18.26835240527347 19.398004229089185 19.789869908361467 19.398004229089185 18.26835240527347 16.529888822158657 14.370394977770298 12.003162851145674 9.6327638230493 7.4273578214333895 5.502322005640725 3.9163895098987074 2.6782676492638178 1.7597472415623396 1.110899653824231 0.6737946999085469 0.3926526838305625 0.2198455963042534 0.11826471566155732 0.06112527611295737 0.030353913807886636 0.01448227466826878 0.006638761765307788 0.0029239208281656767 0.0012372924261788228 5.030455607111461E-4 1.965035984673079E-4 7.374998146901935E-5 2.659387015558673E-5 9.213600834566143E-6 3.066941294563569E-6 9.808661647953488E-7 3.0139931785484317E-7 8.898217092106947E-8 2.5240151068452096E-8 6.87874362713457E-9 1.8011692240397211E-9 4.5313554719967633E-10 1.0952921331247064E-10 2.5436656473769176E-11
19.789869908361467 19.398004229089185 18.26835240527347 16.529888822158657 14.443171356535462 12.508486067754522 10.77725858224264 9.237899342160295 7.877701435924131 6.683241843098424 5.6407416033005715 4.736380700615711 3.9565655814617697 3.2881491075042812 2.718604343449058 2.2361548697419265 1.8298652878308244 1.4896962615136842 1.2065288350826 0.9721629195439743 0.7792947799905917 0.6214781308882791 0.4930730925152174 0.3891868200729517 0.30560912259467865 0.23874587262440236 0.185552495404073 0.1661557273173933 0.308871540823677 0.5516564420760778 0.9466462401710334 1.5607557919982848 2.4723526470339383 3.7628256807176226 5.502322005640725 7.730474044329972 10.435048475476501 13.53352832366127 16.863814726859555 20.189651799465537 23.22362747297589 25.66607769535559 27.253179303401264 27.803730045319412 27.253179303401264 25.66607769535559 23.22362747297589 20.189651799465537 16.863814726859555 13.53352832366127 10.435048475476501 7.730474044329972 5.502322005640725 3.7628256807176226 2.4723526470339383 1.5607557919982848 0.9466462401710334 0.5516564420760778 0.308871540823677 0.1661557273173933 0.08587780939743375 0.042645658068565434 0.02034683690106439 0.009327112346494885 0.004107955522530075 0.00173833101298252 7.067526484648328E-4 2.760772572037196E-4 1.0361485876900842E-4 3.736299379885256E-5 1.2944626292938417E-5 4.308891782197059E-6 1.378065554894573E-6 4.234502454176725E-7 1.250152866386744E-7 3.5461089429082884E-8 9.664274285047388E-9 2.5305483615119127E-9 6.366316952369053E-10 1.5390233075583855E-10 3.5800991913101406E-11
27.803730045319412 27.253179303401264 25.66607769535559 23.22362747297589 20.491610260945908 17.986170835193512 15.705895719053292 13.644199904191856 11.792199189531148 10.13918174745939 8.673060543627486 7.380796253306548 6.248782725338156 5.263189418387676 4.410257477107372 3.676548151602336 3.049144037038414 2.5158050868969672 2.065082518171257 1.6863945816654715 1.3700687316066777 1.1073550230791307 0.8904156280878703 0.7122952306654362 0.5668767793929145 0.44882668238754464 0.3535330629960648 0.277040187910236 0.41693296979041133 0.744658307092434 1.2778387649535765 2.1067999523041445 3.337326996032607 5.079283386489853 7.4273578214333895 10.435048475476501 14.0858420921045 18.26835240527347 22.763768838381278 27.253179303401264 31.348618088260526 34.64558103300575 36.78794411714422 37.531109885139955 36.78794411714422 34.64558103300575 31.348618088260526 27.253179303401264 22.763768838381278 18.26835240527347 14.0858420921045 10.435048475476501 7.4273578214333895 5.079283386489853 3.337326996032607 2.1067999523041445 1.2778387649535765 0.744658307092434 0.41693296979041133 0.2242867719485806 0.11592291739045918 0.05756561714872758 0.027465356997214266 0.01259028475016699 0.005545159943217707 0.002346501428356972 9.540162873079269E-4 3.7266531720786734E-4 1.3986542970508976E-4 5.043476625678885E-5 1.747341781230281E-5 5.8163955230905655E-6 1.8601939266915526E-6 5.715980433472658E-7 1.6875298575085278E-7 4.789822130776733E-8 1.3086852608590273E-8 3.442014666084918E-9 8.714689182076745E-10 2.1239914700332999E-10 4.9832802848973693E-11
37.531109885139955 36.78794411714422 34.64558103300575 31.400369819130702 28.077372432022447 24.976957282729444 22.104666557673262 19.46210331742411 17.047352758709795 14.85543902168244 12.878800109317146 11.107764994391808 9.531018922214024 8.136045137517348 6.9095336389106174 5.8377499713343255 4.906859398829093 4.103203967958399 3.4135319085214553 2.825180475932776 2.3262146923575737 1.9055254834171313 1.5528914419968558 1.2590089012887975 1.015495196205673 0.8148699726515541 0.6505192081450761 0.516646276000525 0.5407329126440966 0.9657697627537771 1.6572675401761259 2.7323722447292553 4.32827979019659 6.587475442640296 9.6327638230493 13.53352832366127 18.26835240527347 23.692775868212184 29.523016692401427 35.34546819587803 40.65696597405991 44.932896411722155 47.71139155210344 48.67522559599717 47.71139155210344 44.932896411722155 40.65696597405991 35.34546819587803 29.523016692401427 23.692775868212184 18.26835240527347 13.53352832366127 9.6327638230493 6.587475442640296 4.32827979019659 2.7323722447292553 1.6572675401761259 0.9657697627537771 0.5407329126440966 0.29088426258125877 0.1503439192977573 0.07465858083766795 0.035620647830703414 0.016328719092180814 0.007191684765732906 0.003043248300840364 0.0012372924261788228 4.8332086214372753E-4 1.8139568386896777E-4 6.541036577238509E-5 2.266341875180495E-5 7.555192429768955E-6 2.4245286340267575E-6 7.489809733282614E-7 2.2272857238386995E-7 6.375918570953645E-8 1.7569980148383835E-8 4.66081065484553E-9 1.1901818683916939E-9 2.9256803841178165E-10 6.923124000840454E-11
48.67522559599717 47.71139155210344 44.932896411722155 40.99789407874177 37.153838612119614 33.49709925844849 30.04499102850659 26.810093330139928 23.800492374373412 21.02010717893687 18.46908071240029 16.144217541125606 14.039449899965414 12.146315297439859 10.454430460680179 8.951948489501419 7.625988386602513 6.4630285326496315 5.449258063872173 4.570882385627383 3.81438113769344 3.166718756372765 2.615509316305648 2.149138562411406 1.75684695834372 1.4287781957983423 1.1559979540793681 0.93048780498652 0.7451190629653901 1.2034232284723767 2.065082518171257 3.404745473459935 5.393368730035602 8.208499862389877 12.003162851145674 16.863814726859555 22.763768838381278 29.523016692401427 36.78794411714422 44.04316545059993 50.66169923655897 55.989836656540206 59.452054797019436 60.653065971263345 59.452054797019436 55.989836656540206 50.66169923655897 44.04316545059993 36.78794411714422 29.523016692401427 22.763768838381278 16.863814726859555 12.003162851145674 8.208499862389877 5.393368730035602 3.404745473459935 2.065082518171257 1.2034232284723767 0.6737946999085469 0.3624641108965754 0.18734005942224272 0.09303032032049485 0.04438606039028746 0.02034683690106439 0.008961391040299537 0.0037921208930767657 0.0015425439956215042 6.039814896849027E-4 2.276519520788403E-4 8.260014482717265E-5 2.8850405344404926E-5 9.700289823534768E-6 3.139635142304162E-6 9.782172867229257E-7 2.933953087230924E-7 8.470960914071191E-8 2.3543654220086018E-8 6.299074488606236E-9 1.6223378392416202E-9 4.0222358434484114E-10 9.599651043494671E-11
60.653065971263345 59.452054797019436 55.995609102192745 51.69579127642344 47.48077181370403 43.385211734539844 39.43910413529327 35.66758706196681 32.090891880842705 28.724416366809063 25.578908473061485 22.66074434595638 19.97228262740324 17.512276420878255 15.276324423574778 13.25734355258487 11.446046800561188 9.831411915115948 8.401128669811186 7.142014848832493 6.040393477221774 5.082426183163767 4.254399785731881 3.5429651885582483 2.935329376091971 2.419402724024311 1.9839049376118523 1.618433726044173 1.3135008262449706 1.4407591843112353 2.4723526470339383 4.07622039783662 6.457034689316848 9.827358560436156 14.370394977770298 20.189651799465537 27.253179303401264 35.34546819587803 44.04316545059993 52.729242404304856 60.653065971263345 67.03200460356393 71.17703227626097 72.6149037073691 71.17703227626097 67.03200460356393 60.653065971263345 52.729242404304856 44.04316545059993 35.34546819587803 27.253179303401264 20.189651799465537 14.370394977770298 9.827358560436156 6.457034689316848 4.07622039783662 2.4723526470339383 1.4407591843112353 0.8066787139099616 0.43394832707388964 0.2242867719485806 0.11138104783067532 0.05321102816268667 0.024471110739218375 0.0108334652472433 0.004616818345466499 0.0018939994997350302 7.479604139323827E-4 2.8434071228436485E-4 1.0405457054351057E-4 3.6655990192186526E-5 1.243055245490212E-5 4.057864919164456E-6 1.2751651104461474E-6 3.8574200868346177E-7 1.1232828653154789E-7 3.14878502289337E-8 8.49686206895748E-9 2.2071701090714416E-9 5.519182108493715E-10 1.3285421039667893E-10
72.6149037073691 71.17703227626097 67.2812453999569 62.95289075196953 58.60014648344711 54.26790980464927 49.997565272845215 45.82642581718985 41.7873167477661 37.908303810339866 34.21256131000666 30.718371863427507 27.439245598108087 24.384143697329904 21.557789140895185 18.961046317634423 16.591350845839546 14.443171356535462 12.508486067754522 10.77725858224264 9.237899342160295 7.877701435924131 6.683241843098424 5.6407416033005715 4.736380700615711 3.956565581461758 3.2881491075042812 2.718604343449058 2.2361548697419265 1.8298652878308244 2.843882471418451 4.688769521998851 7.4273578214333895 11.304153064044986 16.529888822158657 23.22362747297589 31.348618088260526 40.65696597405991 50.66169923655897 60.653065971263345 69.76763260710311 77.10515858035663 81.87307530779819 83.5270211411272 81.87307530779819 77.10515858035663 69.76763260710311 60.653065971263345 50.66169923655897 40.65696597405991 31.348618088260526 23.22362747297589 16.529888822158657 11.304153064044986 7.4273578214333895 4.688769521998851 2.843882471418451 1.657911647147316 0.9302885941911726 0.5024995653921434 0.26128553353352607 0.1307846335850813 0.06301729471673718 0.02922970760997462 0.01305121268847417 0.005609691053636626 0.0023210724708350723 9.244855725099067E-4 3.544649154720936E-4 1.3083021460855182E-4 4.648411129197776E-5 1.5898739415632895E-5 5.234588304542271E-6 1.6590674783229765E-6 5.061826443624106E-7 1.4866616236019475E-7 4.203186801036246E-8 1.1439497110426018E-8 2.9970697798862715E-9 7.558723459127156E-10 1.8351084675762512E-10
83.5270211411272 81.87307530779819 78.07300986418618 74.03601243009682 69.84679541863409 65.5558299184169 61.21213435995254 56.862388016111666 52.55015905907791 48.315262550436074 44.19325819141178 40.21509211580083 36.406881714133995 32.789837648579415 29.380313028457195 26.18996629442094 23.226021784791158 20.491610260945908 17.986170835193512 15.705895719053292 13.644199904191856 11.792199189531148 10.13918174745939 8.673060543627486 7.380796253306548 6.248782725338139 5.263189418387676 4.410257477107372 3.676548151602336 3.049144037038414 3.1429762018367717 5.1818917172725865 8.208499862389877 12.493021219858248 18.26835240527347 25.66607769535559 34.64558103300575 44.932896411722155 55.989836656540206 67.03200460356393 77.10515858035663 85.21437889662113 90.48374180359595 92.31163463866358 90.48374180359595 85.21437889662113 77.10515858035663 67.03200460356393 55.989836656540206 44.932896411722155 34.64558103300575 25.66607769535559 18.268497277794015 12.507295784717218 8.243007533481023 5.229614225522637 3.193855697636281 1.8776844411391092 1.0626533248577488 0.5789249722964774 0.3036090004950231 0.15327406693810283 0.07448767184417696 0.034846711523166415 0.015692815912894686 0.006803018323987775 0.002838991430806665 0.0011404813899317582 4.410359634899515E-4 1.641804670501459E-4 5.883430794182203E-5 2.0295581179339773E-5 6.739598352836147E-6 2.1544093199651603E-6 6.629550806670874E-7 1.9638199505165622E-7 5.599908264239815E-8 1.537169780045158E-8 4.061855258404489E-9 1.0332103062552702E-9 2.5299660657879593E-10
92.31163463866358 90.56773475061094 87.49327546357095 84.08861783000978 80.40093906994773 76.47973900082332 72.37574409284784 68.13983144451122 63.82200399155915 59.47044487414157 55.130674567128736 50.844829372991555 46.65107445007051 42.58315897053444 38.67011553009926 34.93610079989443 31.400369819130702 28.077372432022447 24.976957282729444 22.104666557673262 19.46210331742411 17.047352758709795 14.85543902168244 12.878800109317146 11.107764994391808 9.531018922213994 8.136045137517348 6.9095336389106174 5.8377499713343255 4.906859398829093 4.103203967958399 5.502322005640725 8.716085146198127 13.265546508012175 19.398004229089185 27.253179303401264 36.78794411714422 47.71139155210344 59.452054797019436 71.17703227626097 81.87307530779819 90.48374180359595 96.07894391523232 98.01986733067552 96.07894391523232 90.48374180359595 81.87307530779819 71.17703227626097 59.46903005088716 47.820863437938165 37.01737784445518 27.583893723932633 19.786417575600012 13.662823247783983 9.081872701118689 5.811283339289485 3.579565978170517 2.1225130691455316 1.2115240919535997 0.6656951868978925 0.3521117027415357 0.1792863321132592 0.08787707354083707 0.0414634723757142 0.018832910112730316 0.008234379490924522 0.0034658199956045807 0.0014042447481735258 5.476981752530378E-4 2.056370950335625E-4 7.432301287672368E-5 2.5858708679766423E-5 8.660680966195882E-6 2.7922797608240294E-6 8.666175834894818E-7 2.5891531799532226E-7 7.446456792227818E-8 2.0615946719332606E-8 5.494378484129483E-9 1.4095988697857208E-9 8.093175016375902E-10
98.01986733067552 96.7149627432963 94.69243408682718 92.235532718294 89.38046488854722 86.168459066256 82.64477709993757 78.85765665808518 74.8572193504312 70.69437882223227 66.4197816318252 62.08281099546231 57.730679694869146 53.407633818025225 49.15428379731353 45.007073689832815 40.99789407874177 37.153838612119614 33.49709925844849 30.04499102850659 26.810093330139928 23.800492374373412 21.02010717893687 18.46908071240029 16.144217541125606 14.039449899965376 12.146315297439859 10.454430460680179 8.951948489501419 7.625988386602513 6.4630285326496315 5.613476283413374 8.892161745938635 13.53352832366127 19.789869908361467 27.803730045319412 37.531109885139955 48.67522559599717 60.653065971263345 72.6149037073691 83.5270211411272 92.31163463866358 98.01986733067552 100.0 98.1139680136879 92.66662817271913 84.25148449198748 73.73835471010865 62.12565848323389 50.38604232245801 39.337899792585695 29.56472016351139 21.389373099142915 14.896492414103141 9.98692213761922 6.445268119834663 4.0041652604572295 2.394664515361759 1.3786024453915466 0.7640030470322415 0.40757995514733647 0.20931108266841483 0.10347449402161464 0.04924204482493447 0.022557996620466723 0.009947791079328281 0.004222935660363222 0.0017256946550189198 6.788520341173476E-4 2.570679733754766E-4 9.37092591087632E-5 3.28835514173529E-5 1.1108018807457378E-5 3.6120701659710735E-6 1.1306740638377885E-6 3.407064556683793E-7 9.882913073158839E-8 2.7596326128961447E-8 7.41787041741589E-9 4.704107310462815E-9 3.0908187484083245E-9
